date,1. open,2. high,3. low,4. close,5. adjusted close,6. volume,7. dividend amount,8. split coefficient
1999-08-10,9.5,9.625,9.25,9.25,6.502,18300.0,0.0,1.0
1999-08-11,9.25,9.25,9.25,9.25,6.502,13600.0,0.0,1.0
1999-08-12,9.25,9.25,9.25,9.25,6.502,4500.0,0.0,1.0
1999-08-13,9.25,9.25,9.25,9.25,6.502,6300.0,0.0,1.0
1999-08-16,9.25,9.25,9.25,9.25,6.502,0.0,0.0,1.0
1999-08-17,9.25,9.25,9.0,9.0,6.3263,1100.0,0.0,1.0
1999-08-18,8.6875,8.75,8.375,8.375,5.887,6200.0,0.0,1.0
1999-08-19,8.5,8.875,8.5,8.875,6.2384,16400.0,0.0,1.0
1999-08-20,8.875,8.875,8.875,8.875,6.2384,0.0,0.0,1.0
1999-08-23,8.875,8.875,8.875,8.875,6.2384,300.0,0.0,1.0
1999-08-24,8.875,8.875,8.875,8.875,6.2384,2000.0,0.0,1.0
1999-08-25,8.875,8.875,8.7031,8.7031,6.1176,12900.0,0.0,1.0
1999-08-26,8.5313,8.5313,8.4375,8.5,5.9748,6600.0,0.0,1.0
1999-08-27,8.5,8.5,8.25,8.25,5.7991,5800.0,0.0,1.0
1999-08-30,8.125,8.125,8.125,8.125,5.7112,2000.0,0.0,1.0
1999-08-31,8.375,8.375,8.25,8.25,5.7991,24000.0,0.0,1.0
1999-09-01,8.25,8.25,8.1875,8.25,5.7991,15600.0,0.0,1.0
1999-09-02,8.25,8.25,8.25,8.25,5.7991,0.0,0.0,1.0
1999-09-03,8.25,8.25,8.25,8.25,5.7991,0.0,0.0,1.0
1999-09-07,8.2813,8.3125,8.25,8.3125,5.843,8700.0,0.0,1.0
1999-09-08,8.25,8.25,8.25,8.25,5.7991,100.0,0.0,1.0
1999-09-09,8.5,8.5,8.5,8.5,5.9748,100.0,0.0,1.0
1999-09-10,8.25,8.375,8.125,8.125,5.7112,22000.0,0.0,1.0
1999-09-13,8.125,8.25,8.0,8.125,5.7112,15200.0,0.0,1.0
1999-09-14,8.0,8.0,7.875,7.875,5.5355,11100.0,0.0,1.0
1999-09-15,8.0,8.0,7.75,7.75,5.4476,19800.0,0.0,1.0
1999-09-16,7.875,7.875,7.875,7.875,5.5355,900.0,0.0,1.0
1999-09-17,7.6875,7.7188,7.3125,7.6875,5.4037,128100.0,0.0,1.0
1999-09-20,7.75,7.75,7.5625,7.5625,5.3158,2800.0,0.0,1.0
1999-09-21,7.5625,7.5625,7.375,7.5625,5.3158,32200.0,0.0,1.0
1999-09-22,7.375,7.5625,7.375,7.5625,5.3158,89300.0,0.0,1.0
1999-09-23,7.4375,7.625,7.375,7.5625,5.3158,112200.0,0.0,1.0
1999-09-24,7.4375,7.5625,7.3125,7.4375,5.228,53500.0,0.0,1.0
1999-09-27,7.5313,7.5313,7.375,7.375,5.184,5400.0,0.0,1.0
1999-09-28,7.3125,7.375,7.25,7.25,5.0962,5100.0,0.0,1.0
1999-09-29,7.25,7.25,7.25,7.25,5.0962,100.0,0.0,1.0
1999-09-30,7.3125,7.3125,7.3125,7.3125,5.1401,3600.0,0.0,1.0
1999-10-01,7.25,7.375,7.25,7.3125,5.1401,24300.0,0.0,1.0
1999-10-04,7.25,7.25,7.25,7.25,5.0962,5400.0,0.0,1.0
1999-10-05,7.375,7.375,7.25,7.3125,5.1401,8700.0,0.0,1.0
1999-10-06,7.3125,7.3125,7.3125,7.3125,5.1401,0.0,0.0,1.0
1999-10-07,7.375,7.375,7.25,7.25,5.0962,2800.0,0.0,1.0
1999-10-08,7.25,7.25,7.25,7.25,5.0962,1000.0,0.0,1.0
1999-10-11,7.25,7.375,7.25,7.25,5.0962,25800.0,0.0,1.0
1999-10-12,7.25,7.375,7.125,7.3125,5.1401,19700.0,0.0,1.0
1999-10-13,7.3125,7.3125,7.25,7.3125,5.1401,9600.0,0.0,1.0
1999-10-14,7.3125,7.3125,7.3125,7.3125,5.1401,500.0,0.0,1.0
1999-10-15,7.0,7.0,7.0,7.0,4.9204,200.0,0.0,1.0
1999-10-18,7.0,7.0,6.75,6.75,4.7447,2800.0,0.0,1.0
1999-10-19,7.0,7.0,7.0,7.0,4.9204,300.0,0.0,1.0
1999-10-20,6.9375,7.0,6.9375,7.0,4.9204,14600.0,0.0,1.0
1999-10-21,7.0,7.0,7.0,7.0,4.9204,2000.0,0.0,1.0
1999-10-22,7.0,7.125,7.0,7.0,4.9204,7300.0,0.0,1.0
1999-10-25,7.0,7.0,7.0,7.0,4.9204,300.0,0.0,1.0
1999-10-26,7.25,7.25,7.25,7.25,5.0962,15500.0,0.0,1.0
1999-10-27,7.0,7.0,5.9375,5.9688,4.1956,204500.0,0.0,1.0
1999-10-28,6.0,6.125,5.75,5.875,4.1297,30800.0,0.0,1.0
1999-10-29,6.0,6.0,5.8125,5.875,4.1297,71500.0,0.0,1.0
1999-11-01,5.8125,6.0,5.625,5.625,3.9539,56200.0,0.0,1.0
1999-11-02,5.5,5.75,5.4375,5.625,3.9539,21000.0,0.0,1.0
1999-11-03,5.25,5.75,5.25,5.75,4.0876,45900.0,0.063,1.0
1999-11-04,5.625,5.75,5.625,5.75,4.0876,2600.0,0.0,1.0
1999-11-05,5.5,5.5,5.25,5.375,3.821,13400.0,0.0,1.0
1999-11-08,5.4375,5.5,5.375,5.5,3.9099,12800.0,0.0,1.0
1999-11-09,5.3125,5.3125,5.125,5.125,3.6433,15900.0,0.0,1.0
1999-11-10,5.25,5.25,5.125,5.125,3.6433,262200.0,0.0,1.0
1999-11-11,5.25,5.25,5.0625,5.25,3.7321,32000.0,0.0,1.0
1999-11-12,5.1875,5.25,5.0,5.0,3.5544,62700.0,0.0,1.0
1999-11-15,5.0,5.75,4.8125,5.5,3.9099,143200.0,0.0,1.0
1999-11-16,6.0,6.125,5.125,5.25,3.7321,47200.0,0.0,1.0
1999-11-17,5.625,5.625,4.875,5.5,3.9099,21200.0,0.0,1.0
1999-11-18,5.125,5.5,5.0,5.25,3.7321,24800.0,0.0,1.0
1999-11-19,5.125,5.25,5.0,5.125,3.6433,15700.0,0.0,1.0
1999-11-22,5.25,5.4375,5.25,5.2813,3.7544,3800.0,0.0,1.0
1999-11-23,5.125,5.1875,5.0313,5.125,3.6433,47100.0,0.0,1.0
1999-11-24,5.2188,5.5,5.2188,5.5,3.9099,8600.0,0.0,1.0
1999-11-26,5.5,5.5,5.5,5.5,3.9099,500.0,0.0,1.0
1999-11-29,5.25,5.5,5.0,5.125,3.6433,17400.0,0.0,1.0
1999-11-30,5.2813,5.5,5.0,5.25,3.7321,12400.0,0.0,1.0
1999-12-01,5.25,5.25,5.125,5.125,3.6433,11500.0,0.0,1.0
1999-12-02,5.3125,5.3125,5.3125,5.3125,3.7766,21000.0,0.0,1.0
1999-12-03,5.375,5.375,5.375,5.375,3.821,3100.0,0.0,1.0
1999-12-06,5.25,5.5938,5.0313,5.5,3.9099,29200.0,0.0,1.0
1999-12-07,5.375,5.375,5.0313,5.0625,3.5988,14200.0,0.0,1.0
1999-12-08,5.1875,5.3125,5.125,5.3125,3.7766,50000.0,0.0,1.0
1999-12-09,5.25,6.0,5.25,6.0,4.2653,56900.0,0.0,1.0
1999-12-10,6.0,6.125,5.9375,5.9688,4.2431,73300.0,0.0,1.0
1999-12-13,5.875,5.875,5.625,5.625,3.9987,196600.0,0.0,1.0
1999-12-14,5.75,5.8125,5.625,5.625,3.9987,129300.0,0.0,1.0
1999-12-15,5.5938,5.6563,5.375,5.375,3.821,174400.0,0.0,1.0
1999-12-16,5.375,5.375,5.125,5.125,3.6433,216400.0,0.0,1.0
1999-12-17,5.125,5.25,5.0,5.0625,3.5988,281300.0,0.0,1.0
1999-12-20,4.875,5.0625,4.8125,4.9688,3.5322,28000.0,0.0,1.0
1999-12-21,5.0625,5.0625,4.875,4.875,3.4656,128800.0,0.0,1.0
1999-12-22,4.9375,5.4375,4.9375,5.2813,3.7544,62900.0,0.0,1.0
1999-12-23,5.375,5.5625,5.125,5.3125,3.7766,104600.0,0.0,1.0
1999-12-27,5.3125,5.3125,5.0,5.0,3.5544,58600.0,0.0,1.0
1999-12-28,5.0313,5.0625,5.0313,5.0313,3.5766,23800.0,0.0,1.0
1999-12-29,5.0313,5.0313,4.7813,4.8125,3.4211,116700.0,0.0,1.0
1999-12-30,4.875,5.375,4.875,5.3125,3.7766,28100.0,0.0,1.0
1999-12-31,5.25,5.3125,5.25,5.25,3.7321,6000.0,0.0,1.0
2000-01-03,5.3125,5.375,5.3125,5.375,3.821,7500.0,0.0,1.0
2000-01-04,5.375,5.5938,5.375,5.5938,3.9765,2500.0,0.0,1.0
2000-01-05,5.5,5.875,5.5,5.625,3.9987,9900.0,0.0,1.0
2000-01-06,6.0,6.125,5.625,6.125,4.3542,20700.0,0.0,1.0
2000-01-07,6.125,6.125,6.0,6.0625,4.3097,36200.0,0.0,1.0
2000-01-10,6.25,6.75,6.125,6.125,4.3542,8400.0,0.0,1.0
2000-01-11,6.1875,6.3125,6.1875,6.3125,4.4874,59500.0,0.0,1.0
2000-01-12,6.25,6.3125,6.25,6.3125,4.4874,19600.0,0.0,1.0
2000-01-13,6.3125,6.3125,6.25,6.25,4.443,19500.0,0.0,1.0
2000-01-14,6.3125,6.3125,6.25,6.3125,4.4874,12700.0,0.0,1.0
2000-01-18,6.25,6.25,6.25,6.25,4.443,14100.0,0.0,1.0
2000-01-19,6.25,6.25,6.25,6.25,4.443,200.0,0.0,1.0
2000-01-20,6.25,6.375,6.25,6.3125,4.4874,31000.0,0.0,1.0
2000-01-21,6.25,6.25,6.125,6.25,4.443,6000.0,0.0,1.0
2000-01-24,6.125,6.1875,6.125,6.1875,4.3986,67900.0,0.0,1.0
2000-01-25,6.1875,6.1875,6.1875,6.1875,4.3986,3600.0,0.0,1.0
2000-01-26,6.1875,6.25,6.1875,6.25,4.443,6300.0,0.0,1.0
2000-01-27,6.25,6.25,6.25,6.25,4.443,0.0,0.0,1.0
2000-01-28,6.25,6.25,6.25,6.25,4.443,11800.0,0.0,1.0
2000-01-31,6.25,6.25,6.25,6.25,4.443,8800.0,0.0,1.0
2000-02-01,6.375,6.375,6.375,6.375,4.5319,4400.0,0.0,1.0
2000-02-02,6.3125,6.3125,6.3125,6.3125,4.5322,0.0,0.063,1.0
2000-02-03,6.375,6.375,6.0,6.0,4.3079,6500.0,0.0,1.0
2000-02-04,6.25,6.5,6.25,6.5,4.6669,4200.0,0.0,1.0
2000-02-07,6.5,7.25,6.5,7.25,5.2053,3400.0,0.0,1.0
2000-02-08,7.25,7.625,7.25,7.5,5.3848,8200.0,0.0,1.0
2000-02-09,7.25,7.375,7.25,7.25,5.2053,7300.0,0.0,1.0
2000-02-10,7.25,7.25,7.25,7.25,5.2053,900.0,0.0,1.0
2000-02-11,6.5,6.5,6.5,6.5,4.6669,200.0,0.0,1.0
2000-02-14,7.125,7.125,6.625,6.625,4.7566,3800.0,0.0,1.0
2000-02-15,6.625,6.625,6.625,6.625,4.7566,0.0,0.0,1.0
2000-02-16,6.875,6.875,6.375,6.375,4.5771,17300.0,0.0,1.0
2000-02-17,6.0938,6.4531,6.0938,6.4531,4.6332,2300.0,0.0,1.0
2000-02-18,6.4531,6.4531,6.4531,6.4531,4.6332,0.0,0.0,1.0
2000-02-22,6.4531,6.4531,6.4531,6.4531,4.6332,0.0,0.0,1.0
2000-02-23,6.0938,6.125,6.0938,6.125,4.3976,900.0,0.0,1.0
2000-02-24,6.375,6.375,6.375,6.375,4.5771,2000.0,0.0,1.0
2000-02-25,6.625,7.75,6.625,7.25,5.2053,14700.0,0.0,1.0
2000-02-28,7.25,7.25,6.75,6.75,4.8464,3900.0,0.0,1.0
2000-02-29,6.5,6.5,6.375,6.375,4.5771,25500.0,0.0,1.0
2000-03-01,6.375,6.375,6.375,6.375,4.5771,0.0,0.0,1.0
2000-03-02,6.375,6.375,6.0,6.375,4.5771,2900.0,0.0,1.0
2000-03-03,6.375,6.5,6.375,6.5,4.6669,17000.0,0.0,1.0
2000-03-06,6.5,6.5,6.375,6.375,4.5771,38800.0,0.0,1.0
2000-03-07,6.375,6.625,6.375,6.375,4.5771,23600.0,0.0,1.0
2000-03-08,6.3906,6.3906,6.25,6.375,4.5771,3100.0,0.0,1.0
2000-03-09,6.5,6.5,6.375,6.375,4.5771,19000.0,0.0,1.0
2000-03-10,6.25,6.375,6.25,6.375,4.5771,5600.0,0.0,1.0
2000-03-13,6.375,6.625,6.25,6.25,4.4874,25600.0,0.0,1.0
2000-03-14,6.375,6.625,6.375,6.625,4.7566,14400.0,0.0,1.0
2000-03-15,6.625,6.75,6.625,6.75,4.8464,25100.0,0.0,1.0
2000-03-16,7.0,7.125,7.0,7.0,5.0258,7000.0,0.0,1.0
2000-03-17,7.0,7.0,7.0,7.0,5.0258,0.0,0.0,1.0
2000-03-20,7.0938,7.25,6.625,7.25,5.2053,11700.0,0.0,1.0
2000-03-21,6.625,7.0,6.625,7.0,5.0258,12200.0,0.0,1.0
2000-03-22,7.25,7.25,6.9688,6.9688,5.0034,6100.0,0.0,1.0
2000-03-23,7.25,7.25,6.75,7.0,5.0258,21500.0,0.0,1.0
2000-03-24,7.0625,7.0625,6.8125,6.8125,4.8912,12400.0,0.0,1.0
2000-03-27,6.75,6.875,6.4375,6.75,4.8464,61900.0,0.0,1.0
2000-03-28,6.75,7.0,6.75,6.9375,4.981,4400.0,0.0,1.0
2000-03-29,7.0,7.0625,6.9375,7.0625,5.0707,39300.0,0.0,1.0
2000-03-30,7.0625,7.25,7.0625,7.25,5.2053,42000.0,0.0,1.0
2000-03-31,7.125,7.3125,7.125,7.3125,5.2502,5100.0,0.0,1.0
2000-04-03,7.125,7.125,7.125,7.125,5.1156,100.0,0.0,1.0
2000-04-04,7.25,7.6875,7.25,7.25,5.2053,104000.0,0.0,1.0
2000-04-05,7.25,7.5,7.25,7.375,5.2951,62200.0,0.0,1.0
2000-04-06,7.4375,7.4375,7.4375,7.4375,5.34,4000.0,0.0,1.0
2000-04-07,7.375,7.375,7.375,7.375,5.2951,1000.0,0.0,1.0
2000-04-10,7.375,7.5,7.375,7.375,5.2951,10200.0,0.0,1.0
2000-04-11,7.375,7.375,7.375,7.375,5.2951,700.0,0.0,1.0
2000-04-12,7.375,7.375,7.375,7.375,5.2951,0.0,0.0,1.0
2000-04-13,7.4375,7.4375,7.4375,7.4375,5.34,100.0,0.0,1.0
2000-04-14,7.4375,7.4375,7.375,7.375,5.2951,130900.0,0.0,1.0
2000-04-17,7.5,7.5625,7.375,7.5625,5.4297,10100.0,0.0,1.0
2000-04-18,7.5625,7.75,7.5625,7.625,5.4746,16200.0,0.0,1.0
2000-04-19,7.625,7.6563,7.625,7.6563,5.497,1300.0,0.0,1.0
2000-04-20,7.625,7.75,7.625,7.75,5.5643,3100.0,0.0,1.0
2000-04-24,8.0,8.0625,8.0,8.0625,5.7887,27200.0,0.0,1.0
2000-04-25,8.0625,8.0625,8.0625,8.0625,5.7887,2800.0,0.0,1.0
2000-04-26,8.0625,8.25,8.0625,8.2188,5.9009,2000.0,0.0,1.0
2000-04-27,8.3125,8.3125,8.125,8.125,5.8336,4100.0,0.0,1.0
2000-04-28,8.3125,8.5625,8.25,8.375,6.0131,749500.0,0.0,1.0
2000-05-01,8.4688,8.5156,8.4375,8.4375,6.0579,80200.0,0.0,1.0
2000-05-02,8.5313,8.5313,8.5313,8.5313,6.1253,200.0,0.0,1.0
2000-05-03,8.5,8.5,8.5,8.5,6.1028,15000.0,0.0,1.0
2000-05-04,8.5156,8.5156,8.5,8.5,6.1028,5600.0,0.0,1.0
2000-05-05,8.5,8.5156,8.5,8.5,6.1028,20100.0,0.0,1.0
2000-05-08,8.5,8.5,8.5,8.5,6.1028,0.0,0.0,1.0
2000-05-09,8.5,8.5156,8.4688,8.5,6.1028,110500.0,0.0,1.0
2000-05-10,8.5,8.5625,8.5,8.5,6.1028,741700.0,0.0,1.0
2000-05-11,8.5313,8.5313,8.5,8.5,6.1028,4300.0,0.0,1.0
2000-05-12,8.5,8.5625,8.5,8.5,6.1028,84600.0,0.0,1.0
2000-05-15,8.5625,8.5625,8.5,8.5,6.1028,3100.0,0.0,1.0
2000-05-16,8.5625,8.5625,8.4375,8.5,6.1028,252000.0,0.0,1.0
2000-05-17,8.5,8.625,8.5,8.625,6.2388,57600.0,0.063,1.0
2000-05-18,8.5625,8.5625,8.5,8.5,6.1484,48100.0,0.0,1.0
2000-05-19,8.5,8.5,8.5,8.5,6.1484,27800.0,0.0,1.0
2000-05-22,8.5625,8.5625,8.4375,8.4375,6.1032,17000.0,0.0,1.0
2000-05-23,8.5,8.5,8.5,8.5,6.1484,11200.0,0.0,1.0
2000-05-24,8.5,8.5,8.4375,8.5,6.1484,194500.0,0.0,1.0
2000-05-25,8.5,8.5,8.4375,8.4375,6.1032,254800.0,0.0,1.0
2000-05-26,8.4375,8.5313,8.4375,8.5,6.1484,33300.0,0.0,1.0
2000-05-30,8.5,8.5625,8.5,8.5,6.1484,11000.0,0.0,1.0
2000-05-31,8.5,8.5,8.25,8.25,5.9676,256000.0,0.0,1.0
2000-06-01,8.25,8.25,6.75,8.0,5.7867,12400.0,0.0,1.0
2000-06-02,7.5313,7.8125,7.5,7.5,5.425,12900.0,0.0,1.0
2000-06-05,7.25,7.5,7.25,7.5,5.425,1300.0,0.0,1.0
2000-06-06,7.125,7.25,7.125,7.25,5.2442,2600.0,0.0,1.0
2000-06-07,7.4375,7.4375,7.4375,7.4375,5.3798,500.0,0.0,1.0
2000-06-08,7.375,7.375,7.25,7.25,5.2442,4500.0,0.0,1.0
2000-06-09,7.375,7.4375,7.3125,7.4375,5.3798,3200.0,0.0,1.0
2000-06-12,7.5625,7.75,7.5625,7.75,5.6059,2700.0,0.0,1.0
2000-06-13,7.75,8.1875,7.75,8.1875,5.9223,13500.0,0.0,1.0
2000-06-14,8.1875,8.1875,8.0,8.0,5.7867,1700.0,0.0,1.0
2000-06-15,8.375,8.4375,8.375,8.375,6.058,5400.0,0.0,1.0
2000-06-16,8.5625,8.5625,8.5,8.5,6.1484,4200.0,0.0,1.0
2000-06-19,8.375,8.5,8.1875,8.5,6.1484,4400.0,0.0,1.0
2000-06-20,8.625,8.625,8.625,8.625,6.2388,6700.0,0.0,1.0
2000-06-21,8.6719,8.7031,8.6563,8.6875,6.284,6400.0,0.0,1.0
2000-06-22,8.6563,8.6563,8.6563,8.6563,6.2614,16800.0,0.0,1.0
2000-06-23,8.5938,8.6563,8.5938,8.6563,6.2614,2300.0,0.0,1.0
2000-06-26,8.375,8.5,8.375,8.5,6.1484,400.0,0.0,1.0
2000-06-27,8.5,8.5,8.5,8.5,6.1484,0.0,0.0,1.0
2000-06-28,8.625,8.625,8.625,8.625,6.2388,500.0,0.0,1.0
2000-06-29,8.5625,8.5625,7.5,8.0625,5.8319,12900.0,0.0,1.0
2000-06-30,8.0,8.0,8.0,8.0,5.7867,3300.0,0.0,1.0
2000-07-03,8.0,8.0,8.0,8.0,5.7867,0.0,0.0,1.0
2000-07-05,8.0,8.0,8.0,8.0,5.7867,2400.0,0.0,1.0
2000-07-06,8.0625,8.0625,8.0313,8.0313,5.8093,1700.0,0.0,1.0
2000-07-07,8.0625,8.125,8.0625,8.125,5.8771,4000.0,0.0,1.0
2000-07-10,8.125,8.125,8.125,8.125,5.8771,1000.0,0.0,1.0
2000-07-11,8.0,8.125,8.0,8.125,5.8771,4800.0,0.0,1.0
2000-07-12,8.125,8.125,8.125,8.125,5.8771,2500.0,0.0,1.0
2000-07-13,8.125,8.125,8.125,8.125,5.8771,0.0,0.0,1.0
2000-07-14,8.0313,8.0313,8.0313,8.0313,5.8093,100.0,0.0,1.0
2000-07-17,8.0,8.0781,8.0,8.0625,5.8319,66900.0,0.0,1.0
2000-07-18,8.0,8.0,7.75,7.75,5.6059,17700.0,0.0,1.0
2000-07-19,7.9375,7.9375,7.8125,7.8125,5.6511,81200.0,0.0,1.0
2000-07-20,7.8125,7.8125,7.8125,7.8125,5.6511,0.0,0.0,1.0
2000-07-21,7.75,7.75,7.25,7.5625,5.4703,10500.0,0.0,1.0
2000-07-24,7.25,7.3125,6.9375,7.0,5.0634,210200.0,0.0,1.0
2000-07-25,6.7813,6.7813,6.1875,6.625,4.7921,22600.0,0.0,1.0
2000-07-26,6.625,6.9375,6.5625,6.75,4.8825,17100.0,0.0,1.0
2000-07-27,6.9375,7.0,6.75,6.9688,5.0408,8400.0,0.0,1.0
2000-07-28,7.0625,7.25,7.0,7.0,5.0634,3900.0,0.0,1.0
2000-07-31,6.875,7.5,6.8125,7.5,5.425,64600.0,0.0,1.0
2000-08-01,7.5,7.5,6.8125,7.0,5.0634,8100.0,0.0,1.0
2000-08-02,7.0,7.25,6.875,7.25,5.2442,6900.0,0.0,1.0
2000-08-03,7.0,7.0,7.0,7.0,5.0634,2000.0,0.0,1.0
2000-08-04,7.0,7.0,7.0,7.0,5.0634,0.0,0.0,1.0
2000-08-07,6.75,6.75,6.75,6.75,4.8825,1500.0,0.0,1.0
2000-08-08,7.0625,7.0625,6.5,6.5,4.7017,300.0,0.0,1.0
2000-08-09,6.75,6.75,6.5,6.5,4.7017,13500.0,0.0,1.0
2000-08-10,6.5,6.5,6.5,6.5,4.7017,1600.0,0.0,1.0
2000-08-11,6.5,6.5,6.5,6.5,4.7017,3000.0,0.0,1.0
2000-08-14,6.5,6.5,6.5,6.5,4.7017,1700.0,0.0,1.0
2000-08-15,6.5625,6.625,6.5,6.5,4.7017,2000.0,0.0,1.0
2000-08-16,6.5,6.5313,6.5,6.5313,4.7243,15000.0,0.0,1.0
2000-08-17,6.5,6.5,6.5,6.5,4.7017,1200.0,0.0,1.0
2000-08-18,6.5,6.5625,6.4375,6.5,4.7017,111600.0,0.0,1.0
2000-08-21,6.5625,6.6875,6.5625,6.6875,4.8847,700.0,0.063,1.0
2000-08-22,6.75,6.75,6.75,6.75,4.9303,500.0,0.0,1.0
2000-08-23,6.75,6.75,6.75,6.75,4.9303,8000.0,0.0,1.0
2000-08-24,6.75,6.75,6.75,6.75,4.9303,1000.0,0.0,1.0
2000-08-25,6.75,6.75,6.75,6.75,4.9303,300.0,0.0,1.0
2000-08-28,6.75,6.75,6.75,6.75,4.9303,5800.0,0.0,1.0
2000-08-29,6.75,6.75,6.75,6.75,4.9303,4000.0,0.0,1.0
2000-08-30,6.625,6.625,6.625,6.625,4.839,200.0,0.0,1.0
2000-08-31,6.625,6.625,6.5,6.5,4.7477,6400.0,0.0,1.0
2000-09-01,6.625,7.4375,6.625,7.125,5.2042,13200.0,0.0,1.0
2000-09-05,7.0625,7.0625,7.0,7.0625,5.1586,5500.0,0.0,1.0
2000-09-06,7.0,7.0,6.6875,6.6875,4.8847,5900.0,0.0,1.0
2000-09-07,6.6875,6.6875,6.6875,6.6875,4.8847,0.0,0.0,1.0
2000-09-08,6.9375,6.9375,6.9375,6.9375,5.0673,2400.0,0.0,1.0
2000-09-11,6.9375,6.9375,6.9375,6.9375,5.0673,6800.0,0.0,1.0
2000-09-12,7.0,7.0,7.0,7.0,5.1129,2800.0,0.0,1.0
2000-09-13,7.0,7.0,7.0,7.0,5.1129,8000.0,0.0,1.0
2000-09-14,6.9375,7.0,6.75,7.0,5.1129,11800.0,0.0,1.0
2000-09-15,7.0,7.0,7.0,7.0,5.1129,0.0,0.0,1.0
2000-09-18,7.0,7.0,7.0,7.0,5.1129,500.0,0.0,1.0
2000-09-19,7.0,7.0,7.0,7.0,5.1129,500.0,0.0,1.0
2000-09-20,7.0,7.0,6.6875,6.6875,4.8847,2800.0,0.0,1.0
2000-09-21,6.75,6.75,6.75,6.75,4.9303,500.0,0.0,1.0
2000-09-22,6.75,6.75,6.625,6.625,4.839,1500.0,0.0,1.0
2000-09-25,6.75,6.75,6.625,6.625,4.839,1900.0,0.0,1.0
2000-09-26,6.6875,6.6875,6.6875,6.6875,4.8847,1900.0,0.0,1.0
2000-09-27,6.9375,6.9375,6.5,6.5,4.7477,1800.0,0.0,1.0
2000-09-28,6.75,6.75,6.625,6.625,4.839,2000.0,0.0,1.0
2000-09-29,6.75,6.75,6.5,6.5,4.7477,900.0,0.0,1.0
2000-10-02,6.75,6.75,6.75,6.75,4.9303,8900.0,0.0,1.0
2000-10-03,6.75,6.75,6.75,6.75,4.9303,6300.0,0.0,1.0
2000-10-04,6.875,7.0,6.875,7.0,5.1129,4800.0,0.0,1.0
2000-10-05,7.0,7.0,7.0,7.0,5.1129,0.0,0.0,1.0
2000-10-06,6.5938,6.5938,6.5,6.5,4.7477,17900.0,0.0,1.0
2000-10-09,6.5,6.5,6.5,6.5,4.7477,0.0,0.0,1.0
2000-10-10,6.625,6.625,6.5,6.5,4.7477,3900.0,0.0,1.0
2000-10-11,6.5,6.5,6.5,6.5,4.7477,8800.0,0.0,1.0
2000-10-12,6.5,6.5,6.5,6.5,4.7477,10000.0,0.0,1.0
2000-10-13,6.5,6.625,6.5,6.625,4.839,12800.0,0.0,1.0
2000-10-16,6.875,7.0625,6.625,6.625,4.839,3500.0,0.0,1.0
2000-10-17,6.6094,6.625,6.5,6.5,4.7477,53500.0,0.0,1.0
2000-10-18,6.5,6.5625,6.5,6.5,4.7477,4600.0,0.0,1.0
2000-10-19,6.625,6.625,6.5,6.5,4.7477,8100.0,0.0,1.0
2000-10-20,6.5,6.5,6.5,6.5,4.7477,0.0,0.0,1.0
2000-10-23,6.625,6.625,6.625,6.625,4.839,200.0,0.0,1.0
2000-10-24,6.625,6.625,6.625,6.625,4.839,300.0,0.0,1.0
2000-10-25,6.625,6.625,6.625,6.625,4.839,0.0,0.0,1.0
2000-10-26,6.875,6.875,6.6875,6.875,5.0216,14200.0,0.0,1.0
2000-10-27,6.75,7.0,6.75,6.75,4.9303,30700.0,0.0,1.0
2000-10-30,7.0625,7.5,7.0625,7.5,5.4781,5500.0,0.0,1.0
2000-10-31,7.5,7.5,7.5,7.5,5.4781,1300.0,0.0,1.0
2000-11-01,7.5,7.5625,7.5,7.5625,5.5238,5100.0,0.0,1.0
2000-11-02,7.75,7.75,7.5625,7.6875,5.6623,23400.0,0.063,1.0
2000-11-03,7.9375,7.9375,7.9375,7.9375,5.8464,1400.0,0.0,1.0
2000-11-06,7.875,7.875,7.875,7.875,5.8004,3400.0,0.0,1.0
2000-11-07,7.5625,7.5625,7.5625,7.5625,5.5702,100.0,0.0,1.0
2000-11-08,7.625,7.625,7.5625,7.5625,5.5702,1200.0,0.0,1.0
2000-11-09,7.5781,7.5781,6.875,6.875,5.0638,2100.0,0.0,1.0
2000-11-10,7.125,7.125,6.625,6.625,4.8797,13200.0,0.0,1.0
2000-11-13,6.7188,6.7188,6.7031,6.7031,4.9372,2000.0,0.0,1.0
2000-11-14,6.6875,6.9375,6.6875,6.9375,5.1098,5300.0,0.0,1.0
2000-11-15,6.9375,6.9375,6.9375,6.9375,5.1098,0.0,0.0,1.0
2000-11-16,6.625,7.0625,6.625,7.0625,5.2019,1200.0,0.0,1.0
2000-11-17,6.875,6.875,6.75,6.75,4.9717,1800.0,0.0,1.0
2000-11-20,6.75,6.8125,6.625,6.625,4.8797,3600.0,0.0,1.0
2000-11-21,6.8125,6.8125,6.625,6.8125,5.0178,1500.0,0.0,1.0
2000-11-22,6.75,6.75,6.75,6.75,4.9717,100.0,0.0,1.0
2000-11-24,6.75,6.75,6.75,6.75,4.9717,1000.0,0.0,1.0
2000-11-27,6.625,6.7188,6.625,6.7188,4.9487,21000.0,0.0,1.0
2000-11-28,6.75,6.875,6.75,6.875,5.0638,2400.0,0.0,1.0
2000-11-29,6.875,6.875,6.875,6.875,5.0638,1200.0,0.0,1.0
2000-11-30,6.9375,7.0,6.6563,6.6875,4.9257,6700.0,0.0,1.0
2000-12-01,6.9375,6.9375,6.6563,6.6563,4.9027,3000.0,0.0,1.0
2000-12-04,6.6563,6.6563,6.6563,6.6563,4.9027,0.0,0.0,1.0
2000-12-05,6.8125,6.9375,6.8125,6.9375,5.1098,7500.0,0.0,1.0
2000-12-06,6.8125,7.125,6.8125,7.125,5.248,15600.0,0.0,1.0
2000-12-07,7.0,7.0,7.0,7.0,5.1559,2000.0,0.0,1.0
2000-12-08,7.0,7.0,7.0,7.0,5.1559,5600.0,0.0,1.0
2000-12-11,7.0,7.0,7.0,7.0,5.1559,1700.0,0.0,1.0
2000-12-12,7.8125,7.875,6.875,6.875,5.0638,5400.0,0.0,1.0
2000-12-13,6.9375,6.9375,6.8125,6.875,5.0638,11200.0,0.0,1.0
2000-12-14,7.0,7.0625,6.875,7.0625,5.2019,8800.0,0.0,1.0
2000-12-15,6.9688,7.2813,6.875,7.2813,5.363,12400.0,0.0,1.0
2000-12-18,7.5,7.6875,7.5,7.6875,5.6623,10500.0,0.0,1.0
2000-12-19,7.7188,7.875,7.7188,7.875,5.8004,12000.0,0.0,1.0
2000-12-20,7.875,7.9375,6.5625,7.3438,5.4091,21700.0,0.0,1.0
2000-12-21,7.7813,7.7813,6.5625,7.7813,5.7313,500.0,0.0,1.0
2000-12-22,6.75,7.25,6.625,7.25,5.34,8500.0,0.0,1.0
2000-12-26,7.25,7.25,7.25,7.25,5.34,400.0,0.0,1.0
2000-12-27,6.5313,7.0,6.5,6.5625,4.8336,10100.0,0.0,1.0
2000-12-28,6.8438,6.8438,6.8438,6.8438,5.0408,500.0,0.0,1.0
2000-12-29,6.5,7.25,6.5,7.25,5.34,11800.0,0.0,1.0
2001-01-02,6.8125,6.8125,6.8125,6.8125,5.0178,200.0,0.0,1.0
2001-01-03,7.25,7.25,7.25,7.25,5.34,1000.0,0.0,1.0
2001-01-04,7.2188,7.2188,7.2188,7.2188,5.317,500.0,0.0,1.0
2001-01-05,7.25,7.25,7.25,7.25,5.34,1000.0,0.0,1.0
2001-01-08,7.125,7.125,7.0,7.0,5.1559,600.0,0.0,1.0
2001-01-09,7.125,7.125,7.125,7.125,5.248,3900.0,0.0,1.0
2001-01-10,7.125,7.125,7.125,7.125,5.248,100.0,0.0,1.0
2001-01-11,7.3125,7.3125,7.3125,7.3125,5.3861,800.0,0.0,1.0
2001-01-12,7.4688,7.4688,7.4688,7.4688,5.5011,500.0,0.0,1.0
2001-01-16,7.4063,7.4063,7.125,7.375,5.4321,1600.0,0.0,1.0
2001-01-17,7.4375,7.4375,7.1875,7.1875,5.294,4900.0,0.0,1.0
2001-01-18,7.375,7.375,7.375,7.375,5.4321,8400.0,0.0,1.0
2001-01-19,7.375,7.375,7.3438,7.375,5.4321,2700.0,0.0,1.0
2001-01-22,7.4688,7.4688,7.4688,7.4688,5.5011,2500.0,0.0,1.0
2001-01-23,7.4375,7.4375,7.4375,7.4375,5.4781,100.0,0.0,1.0
2001-01-24,7.4375,7.4375,7.4375,7.4375,5.4781,1300.0,0.0,1.0
2001-01-25,7.4375,7.4375,7.4375,7.4375,5.4781,1000.0,0.0,1.0
2001-01-26,7.375,7.375,7.375,7.375,5.4321,600.0,0.0,1.0
2001-01-29,7.375,7.375,7.375,7.375,5.4321,0.0,0.0,1.0
2001-01-30,7.4375,7.4375,7.375,7.375,5.4321,300.0,0.0,1.0
2001-01-31,7.5,7.5,7.5,7.5,5.5242,500.0,0.0,1.0
2001-02-01,7.4688,7.4688,7.4688,7.4688,5.5011,700.0,0.0,1.0
2001-02-02,7.1875,7.5,7.1875,7.5,5.5712,800.0,0.063,1.0
2001-02-05,7.2188,7.2188,7.2188,7.2188,5.3622,400.0,0.0,1.0
2001-02-06,7.1563,7.1563,7.0,7.0,5.1997,2300.0,0.0,1.0
2001-02-07,7.0,7.0,6.4688,6.4688,4.8051,1500.0,0.0,1.0
2001-02-08,6.5,6.6875,6.5,6.5,4.8283,22400.0,0.0,1.0
2001-02-09,6.5,6.5,6.375,6.375,4.7355,12300.0,0.0,1.0
2001-02-12,6.3125,6.5,6.3125,6.5,4.8283,1700.0,0.0,1.0
2001-02-13,6.5,7.0,6.3125,7.0,5.1997,14200.0,0.0,1.0
2001-02-14,6.75,6.75,6.75,6.75,5.014,2700.0,0.0,1.0
2001-02-15,6.6875,6.6875,6.4063,6.5,4.8283,8300.0,0.0,1.0
2001-02-16,6.5,6.5,6.375,6.375,4.7355,2200.0,0.0,1.0
2001-02-20,6.625,6.625,6.625,6.625,4.9212,400.0,0.0,1.0
2001-02-21,6.5,6.5625,6.5,6.5625,4.8748,3900.0,0.0,1.0
2001-02-22,6.5625,6.5625,6.5625,6.5625,4.8748,0.0,0.0,1.0
2001-02-23,6.8125,6.8125,6.8125,6.8125,5.0605,1200.0,0.0,1.0
2001-02-26,6.8125,6.8125,6.8125,6.8125,5.0605,200.0,0.0,1.0
2001-02-27,6.8125,6.8125,6.8125,6.8125,5.0605,0.0,0.0,1.0
2001-02-28,6.5,6.8125,6.5,6.8125,5.0605,5500.0,0.0,1.0
2001-03-01,6.5625,6.625,6.5,6.625,4.9212,4500.0,0.0,1.0
2001-03-02,6.5,6.625,6.4375,6.4375,4.7819,18900.0,0.0,1.0
2001-03-05,6.4375,6.6875,6.375,6.5625,4.8748,20500.0,0.0,1.0
2001-03-06,6.6875,6.9688,6.6875,6.9688,5.1765,2600.0,0.0,1.0
2001-03-07,6.9844,6.9844,6.9844,6.9844,5.1881,100.0,0.0,1.0
2001-03-08,7.0,7.0,7.0,7.0,5.1997,500.0,0.0,1.0
2001-03-09,6.9688,7.25,6.9688,7.25,5.3855,1100.0,0.0,1.0
2001-03-12,7.25,7.25,7.25,7.25,5.3855,500.0,0.0,1.0
2001-03-13,7.0625,7.0625,6.625,6.75,5.014,2400.0,0.0,1.0
2001-03-14,6.6875,6.6875,6.6875,6.6875,4.9676,400.0,0.0,1.0
2001-03-15,6.6875,6.6875,6.6875,6.6875,4.9676,300.0,0.0,1.0
2001-03-16,6.625,7.0625,6.625,7.0625,5.2462,6800.0,0.0,1.0
2001-03-19,6.9375,6.9375,6.9375,6.9375,5.1533,100.0,0.0,1.0
2001-03-20,6.8125,6.8125,6.8125,6.8125,5.0605,700.0,0.0,1.0
2001-03-21,6.75,6.75,5.6875,6.375,4.7355,32500.0,0.0,1.0
2001-03-22,6.375,6.375,5.75,6.0,4.4569,7100.0,0.0,1.0
2001-03-23,6.0,6.125,5.9375,6.0,4.4569,18200.0,0.0,1.0
2001-03-26,5.875,5.875,5.75,5.75,4.2712,600.0,0.0,1.0
2001-03-27,5.75,5.75,5.125,5.125,3.807,28400.0,0.0,1.0
2001-03-28,5.625,5.625,5.1563,5.25,3.8998,5200.0,0.0,1.0
2001-03-29,5.5,5.5,5.125,5.125,3.807,11900.0,0.0,1.0
2001-03-30,5.0625,5.0625,4.5,4.6875,3.482,81400.0,0.0,1.0
2001-04-02,4.9375,5.5,4.7188,4.7188,3.5052,25200.0,0.0,1.0
2001-04-03,4.0313,4.8125,4.0313,4.75,3.5284,80400.0,0.0,1.0
2001-04-04,4.8125,5.25,4.8125,5.0,3.7141,152300.0,0.0,1.0
2001-04-05,5.0,5.5,5.0,5.5,4.0855,9900.0,0.0,1.0
2001-04-06,5.4688,6.0,5.4688,6.0,4.4569,10600.0,0.0,1.0
2001-04-09,6.0,6.14,6.0,6.14,4.5609,1600.0,0.0,1.0
2001-04-10,6.15,6.2,6.15,6.19,4.5981,5500.0,0.0,1.0
2001-04-11,6.0,6.19,5.01,6.19,4.5981,8000.0,0.0,1.0
2001-04-12,6.0,6.0,6.0,6.0,4.4569,700.0,0.0,1.0
2001-04-16,6.1,6.15,6.1,6.14,4.5609,2700.0,0.0,1.0
2001-04-17,6.1,6.1,5.9,5.91,4.3901,23600.0,0.0,1.0
2001-04-18,5.95,6.46,5.95,6.2,4.6055,4700.0,0.0,1.0
2001-04-19,6.01,6.2,6.01,6.15,4.5683,8100.0,0.0,1.0
2001-04-20,6.1,6.1,6.05,6.05,4.4941,2600.0,0.0,1.0
2001-04-23,6.07,6.07,6.07,6.07,4.5089,16900.0,0.0,1.0
2001-04-24,5.97,6.01,5.91,5.91,4.3901,7600.0,0.0,1.0
2001-04-25,5.96,6.05,5.0,5.26,3.9072,14100.0,0.0,1.0
2001-04-26,5.79,5.79,5.32,5.37,3.9889,5900.0,0.0,1.0
2001-04-27,5.75,5.8,5.75,5.8,4.3084,22800.0,0.0,1.0
2001-04-30,5.99,5.99,5.99,5.99,4.4495,10400.0,0.0,1.0
2001-05-01,6.12,6.37,6.12,6.36,4.7243,11600.0,0.0,1.0
2001-05-02,6.36,6.36,6.3,6.33,4.7491,1400.0,0.063,1.0
2001-05-03,6.36,6.36,6.33,6.33,4.7491,4500.0,0.0,1.0
2001-05-04,6.09,6.36,6.09,6.24,4.6816,4600.0,0.0,1.0
2001-05-07,6.25,6.25,6.15,6.25,4.6891,39200.0,0.0,1.0
2001-05-08,6.3,6.3,6.3,6.3,4.7266,2100.0,0.0,1.0
2001-05-09,6.4,6.4,6.4,6.4,4.8016,1200.0,0.0,1.0
2001-05-10,6.55,6.55,6.55,6.55,4.9142,1000.0,0.0,1.0
2001-05-11,6.56,6.65,6.56,6.65,4.9892,1400.0,0.0,1.0
2001-05-14,6.87,7.12,6.87,7.12,5.3418,6900.0,0.0,1.0
2001-05-15,7.15,7.15,7.1,7.1,5.3268,2500.0,0.0,1.0
2001-05-16,7.12,7.12,7.12,7.12,5.3418,400.0,0.0,1.0
2001-05-17,7.12,7.15,7.12,7.12,5.3418,2100.0,0.0,1.0
2001-05-18,7.14,7.15,7.0,7.15,5.3643,11000.0,0.0,1.0
2001-05-21,7.15,7.19,7.12,7.12,5.3418,5900.0,0.0,1.0
2001-05-22,7.12,7.2,7.12,7.2,5.4018,3200.0,0.0,1.0
2001-05-23,7.1,7.35,7.1,7.35,5.5144,9500.0,0.0,1.0
2001-05-24,7.2,7.3,7.2,7.3,5.4768,1400.0,0.0,1.0
2001-05-25,7.3,7.3,7.25,7.25,5.4393,700.0,0.0,1.0
2001-05-29,7.25,7.25,7.2,7.2,5.4018,700.0,0.0,1.0
2001-05-30,7.3,7.3,7.22,7.3,5.4768,3500.0,0.0,1.0
2001-05-31,7.2,7.2,7.2,7.2,5.4018,2700.0,0.0,1.0
2001-06-01,7.3,7.3,7.3,7.3,5.4768,1100.0,0.0,1.0
2001-06-04,7.29,7.3,7.29,7.3,5.4768,2000.0,0.0,1.0
2001-06-05,7.3,7.3,7.1,7.1,5.3268,1500.0,0.0,1.0
2001-06-06,7.2,7.2,7.05,7.1,5.3268,80100.0,0.0,1.0
2001-06-07,7.2,7.2,6.83,7.05,5.2893,800.0,0.0,1.0
2001-06-08,6.8,6.8,6.8,6.8,5.1017,800.0,0.0,1.0
2001-06-11,7.0,7.0,7.0,7.0,5.2518,1000.0,0.0,1.0
2001-06-12,7.19,7.19,7.19,7.19,5.3943,100.0,0.0,1.0
2001-06-13,7.0,7.0,7.0,7.0,5.2518,2400.0,0.0,1.0
2001-06-14,6.71,6.71,6.71,6.71,5.0342,500.0,0.0,1.0
2001-06-15,7.0,7.0,7.0,7.0,5.2518,100.0,0.0,1.0
2001-06-18,7.2,7.2,7.2,7.2,5.4018,100.0,0.0,1.0
2001-06-19,7.15,7.15,7.15,7.15,5.3643,100.0,0.0,1.0
2001-06-20,7.15,7.3,7.15,7.3,5.4768,900.0,0.0,1.0
2001-06-21,7.2,7.3,7.2,7.3,5.4768,2800.0,0.0,1.0
2001-06-22,7.32,7.32,7.26,7.26,5.4468,1800.0,0.0,1.0
2001-06-25,7.3,7.3,7.3,7.3,5.4768,3100.0,0.0,1.0
2001-06-26,7.2,7.2,6.09,6.75,5.0642,1300.0,0.0,1.0
2001-06-27,6.94,6.94,6.94,6.94,5.2068,1000.0,0.0,1.0
2001-06-28,6.99,7.09,6.99,7.0,5.2518,600.0,0.0,1.0
2001-06-29,7.09,7.09,7.09,7.09,5.3193,200.0,0.0,1.0
2001-07-02,7.0,7.0,7.0,7.0,5.2518,900.0,0.0,1.0
2001-07-03,7.0,7.0,7.0,7.0,5.2518,0.0,0.0,1.0
2001-07-05,6.9,7.2,6.44,7.2,5.4018,2000.0,0.0,1.0
2001-07-06,6.67,7.2,6.67,7.15,5.3643,800.0,0.0,1.0
2001-07-09,7.2,7.2,7.2,7.2,5.4018,100.0,0.0,1.0
2001-07-10,7.2,7.2,7.2,7.2,5.4018,0.0,0.0,1.0
2001-07-11,7.0,7.0,7.0,7.0,5.2518,500.0,0.0,1.0
2001-07-12,6.82,6.99,6.82,6.99,5.2443,800.0,0.0,1.0
2001-07-13,7.14,7.5,7.14,7.5,5.6269,2500.0,0.0,1.0
2001-07-16,7.5,7.7,7.5,7.6,5.7019,1700.0,0.0,1.0
2001-07-17,7.5,7.5,7.5,7.5,5.6269,400.0,0.0,1.0
2001-07-18,7.5,7.5,7.5,7.5,5.6269,0.0,0.0,1.0
2001-07-19,7.0,7.0,6.63,6.7,5.0267,2700.0,0.0,1.0
2001-07-20,7.1,7.1,7.1,7.1,5.3268,1100.0,0.0,1.0
2001-07-23,7.0,7.0,6.99,7.0,5.2518,900.0,0.0,1.0
2001-07-24,7.0,7.0,7.0,7.0,5.2518,1800.0,0.0,1.0
2001-07-25,7.0,7.0,7.0,7.0,5.2518,400.0,0.0,1.0
2001-07-26,7.0,7.0,6.37,6.37,4.7791,7900.0,0.0,1.0
2001-07-27,6.36,6.65,6.36,6.65,4.9892,4900.0,0.0,1.0
2001-07-30,7.0,7.0,6.61,6.98,5.2368,4000.0,0.0,1.0
2001-07-31,6.63,6.8,6.45,6.8,5.1017,13200.0,0.0,1.0
2001-08-01,6.45,6.45,6.45,6.45,4.8844,100.0,0.063,1.0
2001-08-02,6.39,6.59,6.39,6.59,4.9904,400.0,0.0,1.0
2001-08-03,6.6,6.9,6.46,6.46,4.892,2600.0,0.0,1.0
2001-08-06,6.74,6.79,6.74,6.79,5.1419,1100.0,0.0,1.0
2001-08-07,6.79,6.99,6.79,6.99,5.2933,1200.0,0.0,1.0
2001-08-08,6.99,6.99,6.99,6.99,5.2933,0.0,0.0,1.0
2001-08-09,6.99,6.99,6.99,6.99,5.2933,0.0,0.0,1.0
2001-08-10,6.46,6.6,6.46,6.5,4.9222,3500.0,0.0,1.0
2001-08-13,6.73,6.73,6.5,6.72,5.0888,1400.0,0.0,1.0
2001-08-14,6.72,6.72,6.72,6.72,5.0888,1000.0,0.0,1.0
2001-08-15,6.72,6.72,6.72,6.72,5.0888,0.0,0.0,1.0
2001-08-16,6.55,6.55,6.55,6.55,4.9601,300.0,0.0,1.0
2001-08-17,6.55,6.55,6.55,6.55,4.9601,0.0,0.0,1.0
2001-08-20,6.49,6.49,6.37,6.37,4.8238,1300.0,0.0,1.0
2001-08-21,6.36,6.37,6.29,6.37,4.8238,3900.0,0.0,1.0
2001-08-22,6.26,6.37,6.26,6.37,4.8238,2400.0,0.0,1.0
2001-08-23,6.69,6.69,6.41,6.41,4.8541,2700.0,0.0,1.0
2001-08-24,6.4,6.4,6.4,6.4,4.8465,200.0,0.0,1.0
2001-08-27,6.65,6.7,6.64,6.64,5.0283,2100.0,0.0,1.0
2001-08-28,6.64,6.64,6.64,6.64,5.0283,0.0,0.0,1.0
2001-08-29,6.56,6.6,6.51,6.51,4.9298,600.0,0.0,1.0
2001-08-30,6.51,6.51,6.51,6.51,4.9298,0.0,0.0,1.0
2001-08-31,6.46,6.46,6.46,6.46,4.892,500.0,0.0,1.0
2001-09-04,6.59,6.59,6.59,6.59,4.9904,400.0,0.0,1.0
2001-09-05,6.46,6.46,6.46,6.46,4.892,200.0,0.0,1.0
2001-09-06,6.45,6.45,6.4,6.4,4.8465,7600.0,0.0,1.0
2001-09-07,6.35,6.4,6.35,6.4,4.8465,5500.0,0.0,1.0
2001-09-10,6.35,6.35,6.35,6.35,4.8087,1100.0,0.0,1.0
2001-09-17,6.35,6.35,6.35,6.35,4.8087,0.0,0.0,1.0
2001-09-18,6.35,6.35,6.35,6.35,4.8087,0.0,0.0,1.0
2001-09-19,6.6,6.6,6.6,6.6,4.998,100.0,0.0,1.0
2001-09-20,6.24,6.24,5.96,5.96,4.5133,300.0,0.0,1.0
2001-09-21,5.95,5.95,5.95,5.95,4.5057,700.0,0.0,1.0
2001-09-24,6.22,6.22,5.76,5.76,4.3619,1200.0,0.0,1.0
2001-09-25,5.76,5.76,5.76,5.76,4.3619,0.0,0.0,1.0
2001-09-26,5.76,5.76,5.76,5.76,4.3619,0.0,0.0,1.0
2001-09-27,5.76,5.76,5.76,5.76,4.3619,0.0,0.0,1.0
2001-09-28,6.22,6.32,6.22,6.27,4.7481,1200.0,0.0,1.0
2001-10-01,6.27,6.27,6.27,6.27,4.7481,0.0,0.0,1.0
2001-10-02,6.27,6.27,6.27,6.27,4.7481,0.0,0.0,1.0
2001-10-03,6.27,6.27,6.27,6.27,4.7481,0.0,0.0,1.0
2001-10-04,6.41,6.41,6.41,6.41,4.8541,500.0,0.0,1.0
2001-10-05,6.27,6.27,5.29,5.75,4.3543,16000.0,0.0,1.0
2001-10-08,5.7,5.7,5.7,5.7,4.3164,100.0,0.0,1.0
2001-10-09,5.88,5.89,5.35,5.35,4.0514,900.0,0.0,1.0
2001-10-10,5.69,5.69,5.69,5.69,4.3089,500.0,0.0,1.0
2001-10-11,5.75,5.75,5.6,5.6,4.2407,1800.0,0.0,1.0
2001-10-12,5.65,5.95,5.65,5.95,4.5057,700.0,0.0,1.0
2001-10-15,5.55,5.96,5.55,5.96,4.5133,900.0,0.0,1.0
2001-10-16,5.88,5.88,5.88,5.88,4.4527,500.0,0.0,1.0
2001-10-17,5.85,5.85,5.85,5.85,4.43,100.0,0.0,1.0
2001-10-18,5.55,5.55,5.55,5.55,4.2028,500.0,0.0,1.0
2001-10-19,5.89,5.89,5.85,5.85,4.43,1600.0,0.0,1.0
2001-10-22,5.66,5.66,5.61,5.61,4.2483,2000.0,0.0,1.0
2001-10-23,5.63,5.88,5.61,5.88,4.4527,800.0,0.0,1.0
2001-10-24,5.75,5.75,5.75,5.75,4.3543,1300.0,0.0,1.0
2001-10-25,5.77,5.8,5.58,5.8,4.3922,1300.0,0.0,1.0
2001-10-26,5.8,5.9,5.8,5.85,4.43,8900.0,0.0,1.0
2001-10-29,5.85,5.85,5.85,5.85,4.43,0.0,0.0,1.0
2001-10-30,5.89,5.9,5.89,5.9,4.4679,500.0,0.0,1.0
2001-10-31,5.89,5.89,5.56,5.56,4.2104,900.0,0.0,1.0
2001-11-01,5.76,5.9,5.76,5.9,4.4679,500.0,0.0,1.0
2001-11-02,5.88,5.96,5.51,5.51,4.2176,6100.0,0.063,1.0
2001-11-05,5.46,5.6,5.2,5.37,4.1104,12100.0,0.0,1.0
2001-11-06,5.3,5.3,5.3,5.3,4.0568,200.0,0.0,1.0
2001-11-07,5.41,5.42,5.41,5.42,4.1487,2000.0,0.0,1.0
2001-11-08,5.58,5.6,5.3,5.6,4.2865,11300.0,0.0,1.0
2001-11-09,5.65,5.65,5.55,5.6,4.2865,23700.0,0.0,1.0
2001-11-12,5.55,5.7,5.43,5.7,4.363,1500.0,0.0,1.0
2001-11-13,5.5,5.5,5.5,5.5,4.2099,100.0,0.0,1.0
2001-11-14,5.7,5.7,5.5,5.5,4.2099,1900.0,0.0,1.0
2001-11-15,5.7,5.75,5.55,5.75,4.4013,2200.0,0.0,1.0
2001-11-16,5.46,5.74,5.45,5.74,4.3936,800.0,0.0,1.0
2001-11-19,5.6,5.6,5.59,5.6,4.2865,3500.0,0.0,1.0
2001-11-20,5.64,5.65,5.64,5.65,4.3247,2500.0,0.0,1.0
2001-11-21,5.75,5.75,5.75,5.75,4.4013,300.0,0.0,1.0
2001-11-23,5.84,5.84,5.84,5.84,4.4702,100.0,0.0,1.0
2001-11-26,5.6,5.6,5.55,5.55,4.2482,3400.0,0.0,1.0
2001-11-27,5.75,5.75,5.5,5.5,4.2099,2600.0,0.0,1.0
2001-11-28,5.41,5.7,5.35,5.5,4.2099,5400.0,0.0,1.0
2001-11-29,5.36,5.52,5.36,5.42,4.1487,5200.0,0.0,1.0
2001-11-30,5.5,5.5,5.45,5.45,4.1717,4600.0,0.0,1.0
2001-12-03,5.45,5.45,5.45,5.45,4.1717,0.0,0.0,1.0
2001-12-04,5.45,5.55,5.45,5.5,4.2099,33000.0,0.0,1.0
2001-12-05,5.5,5.7,5.5,5.55,4.2482,5900.0,0.0,1.0
2001-12-06,5.69,5.7,5.64,5.64,4.3171,700.0,0.0,1.0
2001-12-07,5.56,5.56,5.5,5.51,4.2176,10500.0,0.0,1.0
2001-12-10,5.51,5.7,5.51,5.7,4.363,13000.0,0.0,1.0
2001-12-11,5.56,5.66,5.01,5.47,4.187,16400.0,0.0,1.0
2001-12-12,5.6,5.6,5.3,5.3,4.0568,6600.0,0.0,1.0
2001-12-13,5.34,5.34,5.34,5.34,4.0875,4700.0,0.0,1.0
2001-12-14,5.34,5.34,5.34,5.34,4.0875,0.0,0.0,1.0
2001-12-17,5.6,5.6,5.45,5.45,4.1717,10100.0,0.0,1.0
2001-12-18,5.5,5.5,5.5,5.5,4.2099,2800.0,0.0,1.0
2001-12-19,5.83,5.83,5.83,5.83,4.4625,1000.0,0.0,1.0
2001-12-20,5.83,5.83,5.83,5.83,4.4625,0.0,0.0,1.0
2001-12-21,5.45,5.45,5.45,5.45,4.1717,200.0,0.0,1.0
2001-12-24,5.45,5.45,5.45,5.45,4.1717,0.0,0.0,1.0
2001-12-26,5.48,5.48,5.48,5.48,4.1946,25000.0,0.0,1.0
2001-12-27,5.48,5.48,5.48,5.48,4.1946,0.0,0.0,1.0
2001-12-28,5.51,6.0,5.51,6.0,4.5926,22400.0,0.0,1.0
2001-12-31,5.5,6.0,5.5,6.0,4.5926,4000.0,0.0,1.0
2002-01-02,6.0,6.0,6.0,6.0,4.5926,100.0,0.0,1.0
2002-01-03,5.7,5.82,5.7,5.82,4.4549,1000.0,0.0,1.0
2002-01-04,5.95,5.95,5.95,5.95,4.5544,500.0,0.0,1.0
2002-01-07,5.94,5.94,5.83,5.83,4.4625,2900.0,0.0,1.0
2002-01-08,5.94,5.95,5.83,5.83,4.4625,3300.0,0.0,1.0
2002-01-09,5.81,5.81,5.81,5.81,4.4472,1000.0,0.0,1.0
2002-01-10,5.81,5.84,5.81,5.81,4.4472,1700.0,0.0,1.0
2002-01-11,5.81,5.81,5.81,5.81,4.4472,1000.0,0.0,1.0
2002-01-14,5.81,5.89,5.7,5.89,4.5085,5500.0,0.0,1.0
2002-01-15,5.8,5.8,5.8,5.8,4.4396,70000.0,0.0,1.0
2002-01-16,5.7,5.89,5.7,5.88,4.5008,2600.0,0.0,1.0
2002-01-17,5.88,5.88,5.88,5.88,4.5008,300.0,0.0,1.0
2002-01-18,5.88,6.0,5.88,6.0,4.5926,6500.0,0.0,1.0
2002-01-22,6.0,6.0,6.0,6.0,4.5926,0.0,0.0,1.0
2002-01-23,6.0,6.0,6.0,6.0,4.5926,0.0,0.0,1.0
2002-01-24,6.03,6.34,6.03,6.34,4.8529,2400.0,0.0,1.0
2002-01-25,6.34,6.34,6.1,6.1,4.6692,1300.0,0.0,1.0
2002-01-28,6.35,6.35,6.35,6.35,4.8606,1700.0,0.0,1.0
2002-01-29,6.35,6.35,6.35,6.35,4.8606,0.0,0.0,1.0
2002-01-30,6.25,6.4,6.25,6.4,4.8988,2900.0,0.0,1.0
2002-01-31,6.45,6.45,6.45,6.45,4.9371,1000.0,0.0,1.0
2002-02-01,6.2,6.2,6.2,6.2,4.7457,100.0,0.0,1.0
2002-02-04,6.19,6.2,6.19,6.2,4.7945,600.0,0.063,1.0
2002-02-05,6.2,6.25,6.2,6.25,4.8331,1300.0,0.0,1.0
2002-02-06,6.26,6.44,6.26,6.44,4.98,700.0,0.0,1.0
2002-02-07,6.26,6.26,6.26,6.26,4.8409,300.0,0.0,1.0
2002-02-08,6.11,6.43,6.11,6.43,4.9723,900.0,0.0,1.0
2002-02-11,6.43,6.43,6.42,6.42,4.9646,200.0,0.0,1.0
2002-02-12,6.12,6.12,6.12,6.12,4.7326,100.0,0.0,1.0
2002-02-13,6.42,6.42,6.42,6.42,4.9646,800.0,0.0,1.0
2002-02-14,6.43,6.43,6.42,6.42,4.9646,600.0,0.0,1.0
2002-02-15,6.26,6.5,6.01,6.01,4.6475,3600.0,0.0,1.0
2002-02-19,6.5,6.5,6.4,6.4,4.9491,1100.0,0.0,1.0
2002-02-20,6.16,6.16,6.16,6.16,4.7635,1800.0,0.0,1.0
2002-02-21,6.4,6.4,6.21,6.35,4.9105,1200.0,0.0,1.0
2002-02-22,6.35,6.35,6.35,6.35,4.9105,0.0,0.0,1.0
2002-02-25,6.26,6.26,6.26,6.26,4.8409,2300.0,0.0,1.0
2002-02-26,6.49,6.64,6.11,6.31,4.8795,7100.0,0.0,1.0
2002-02-27,6.31,6.31,6.31,6.31,4.8795,3900.0,0.0,1.0
2002-02-28,6.48,6.48,6.48,6.48,5.011,500.0,0.0,1.0
2002-03-01,6.39,6.4,6.39,6.4,4.9491,4100.0,0.0,1.0
2002-03-04,6.4,6.5,6.26,6.3,4.8718,3600.0,0.0,1.0
2002-03-05,6.38,6.38,6.3,6.38,4.9337,4900.0,0.0,1.0
2002-03-06,6.39,6.39,6.39,6.39,4.9414,500.0,0.0,1.0
2002-03-07,6.39,6.4,6.32,6.4,4.9491,4300.0,0.0,1.0
2002-03-08,6.34,6.7,6.34,6.59,5.096,18000.0,0.0,1.0
2002-03-11,6.59,6.6,6.59,6.6,5.1038,1000.0,0.0,1.0
2002-03-12,6.74,7.2,6.74,7.1,5.4904,8000.0,0.0,1.0
2002-03-13,7.09,7.09,7.09,7.09,5.4827,1100.0,0.0,1.0
2002-03-14,7.2,7.2,6.5,7.17,5.5446,6000.0,0.0,1.0
2002-03-15,7.18,7.19,7.18,7.19,5.56,3300.0,0.0,1.0
2002-03-18,6.83,7.0,6.83,7.0,5.4131,1900.0,0.0,1.0
2002-03-19,7.19,7.19,6.8,6.8,5.2584,200.0,0.0,1.0
2002-03-20,7.18,7.18,7.18,7.18,5.5523,900.0,0.0,1.0
2002-03-21,7.18,7.18,7.18,7.18,5.5523,0.0,0.0,1.0
2002-03-22,7.0,7.0,7.0,7.0,5.4131,100000.0,0.0,1.0
2002-03-25,6.9,7.1,6.9,7.04,5.444,7900.0,0.0,1.0
2002-03-26,7.18,7.2,7.03,7.2,5.5678,3500.0,0.0,1.0
2002-03-27,7.2,7.2,6.74,7.0,5.4131,3000.0,0.0,1.0
2002-03-28,7.08,7.08,6.8,6.8,5.2584,25100.0,0.0,1.0
2002-04-01,6.99,7.0,6.99,6.99,5.4054,1200.0,0.0,1.0
2002-04-02,6.96,6.96,6.6,6.69,5.1734,8300.0,0.0,1.0
2002-04-03,6.69,6.69,6.69,6.69,5.1734,0.0,0.0,1.0
2002-04-04,6.96,6.96,6.85,6.85,5.2971,1900.0,0.0,1.0
2002-04-05,6.92,6.97,6.76,6.97,5.3899,900.0,0.0,1.0
2002-04-08,6.97,6.97,6.97,6.97,5.3899,0.0,0.0,1.0
2002-04-09,6.8,6.8,6.8,6.8,5.2584,100.0,0.0,1.0
2002-04-10,6.8,7.0,6.8,6.99,5.4054,6800.0,0.0,1.0
2002-04-11,6.82,6.82,6.82,6.82,5.2739,200.0,0.0,1.0
2002-04-12,6.8,7.0,6.8,7.0,5.4131,2100.0,0.0,1.0
2002-04-15,7.0,7.0,7.0,7.0,5.4131,1000.0,0.0,1.0
2002-04-16,7.0,7.0,7.0,7.0,5.4131,400.0,0.0,1.0
2002-04-17,6.8,7.0,6.8,7.0,5.4131,800.0,0.0,1.0
2002-04-18,6.99,6.99,6.99,6.99,5.4054,100.0,0.0,1.0
2002-04-19,7.0,7.0,7.0,7.0,5.4131,2000.0,0.0,1.0
2002-04-22,7.0,7.0,7.0,7.0,5.4131,2000.0,0.0,1.0
2002-04-23,7.0,7.0,7.0,7.0,5.4131,1500.0,0.0,1.0
2002-04-24,7.0,7.0,7.0,7.0,5.4131,300.0,0.0,1.0
2002-04-25,7.0,7.0,7.0,7.0,5.4131,4800.0,0.0,1.0
2002-04-26,6.93,7.0,6.7,7.0,5.4131,2600.0,0.0,1.0
2002-04-29,6.9,6.9,6.9,6.9,5.3358,300.0,0.0,1.0
2002-04-30,6.9,6.9,6.9,6.9,5.3358,0.0,0.0,1.0
2002-05-01,6.99,7.01,6.98,7.01,5.4208,2100.0,0.0,1.0
2002-05-02,7.02,7.21,6.95,7.0,5.4131,24200.0,0.0,1.0
2002-05-03,6.99,6.99,6.99,6.99,5.4054,7000.0,0.0,1.0
2002-05-06,6.99,6.99,6.87,6.87,5.3126,1900.0,0.0,1.0
2002-05-07,6.98,6.99,6.98,6.98,5.3976,11300.0,0.0,1.0
2002-05-08,6.76,6.99,6.6,6.7,5.1811,4600.0,0.0,1.0
2002-05-09,6.7,6.7,6.7,6.7,5.1811,0.0,0.0,1.0
2002-05-10,6.82,6.84,6.82,6.84,5.2894,9400.0,0.0,1.0
2002-05-13,6.98,6.99,6.71,6.82,5.2739,6900.0,0.0,1.0
2002-05-14,7.04,7.04,6.77,6.77,5.2352,4100.0,0.0,1.0
2002-05-15,6.87,6.99,6.87,6.99,5.4054,3800.0,0.0,1.0
2002-05-16,6.9,6.91,6.9,6.91,5.3435,1500.0,0.0,1.0
2002-05-17,6.89,6.99,6.89,6.99,5.4054,4900.0,0.0,1.0
2002-05-20,6.97,6.99,6.76,6.76,5.2275,4000.0,0.0,1.0
2002-05-21,6.76,6.76,6.29,6.29,4.9098,14100.0,0.063,1.0
2002-05-22,6.98,6.98,6.45,6.98,5.4484,6500.0,0.0,1.0
2002-05-23,7.1,7.1,6.56,6.57,5.1284,3700.0,0.0,1.0
2002-05-24,6.57,6.57,6.57,6.57,5.1284,0.0,0.0,1.0
2002-05-28,6.5,6.94,6.5,6.94,5.4172,7900.0,0.0,1.0
2002-05-29,6.92,6.92,6.91,6.91,5.3938,700.0,0.0,1.0
2002-05-30,6.92,7.0,6.89,7.0,5.464,41900.0,0.0,1.0
2002-05-31,6.99,6.99,6.93,6.99,5.4562,19600.0,0.0,1.0
2002-06-03,6.87,6.87,6.87,6.87,5.3625,500.0,0.0,1.0
2002-06-04,6.87,6.87,6.87,6.87,5.3625,0.0,0.0,1.0
2002-06-05,6.98,6.99,6.62,6.99,5.4562,5000.0,0.0,1.0
2002-06-06,6.99,6.99,6.99,6.99,5.4562,0.0,0.0,1.0
2002-06-07,6.99,6.99,6.62,6.95,5.425,19300.0,0.0,1.0
2002-06-10,6.75,6.98,6.75,6.76,5.2767,6100.0,0.0,1.0
2002-06-11,6.75,6.78,6.75,6.78,5.2923,3200.0,0.0,1.0
2002-06-12,6.77,6.86,6.75,6.86,5.3547,8100.0,0.0,1.0
2002-06-13,6.75,6.75,6.75,6.75,5.2689,100.0,0.0,1.0
2002-06-14,6.87,6.87,6.87,6.87,5.3625,2100.0,0.0,1.0
2002-06-17,6.85,6.99,6.7,6.99,5.4562,10100.0,0.0,1.0
2002-06-18,6.7,6.99,6.7,6.99,5.4562,1800.0,0.0,1.0
2002-06-19,6.97,6.97,6.7,6.7,5.2298,5200.0,0.0,1.0
2002-06-20,6.65,6.88,6.65,6.88,5.3703,600.0,0.0,1.0
2002-06-21,6.88,6.89,6.88,6.89,5.3782,1500.0,0.0,1.0
2002-06-24,6.89,6.89,6.53,6.53,5.0971,2400.0,0.0,1.0
2002-06-25,6.66,6.66,6.66,6.66,5.1986,300.0,0.0,1.0
2002-06-26,6.73,6.74,6.73,6.74,5.2611,2500.0,0.0,1.0
2002-06-27,6.73,7.2,6.73,7.2,5.6201,9200.0,0.0,1.0
2002-06-28,6.86,7.13,6.8,7.13,5.5655,10100.0,0.0,1.0
2002-07-01,6.95,6.95,6.94,6.95,5.425,2200.0,0.0,1.0
2002-07-02,6.94,6.95,6.94,6.95,5.425,1200.0,0.0,1.0
2002-07-03,6.88,6.94,6.87,6.89,5.3782,4800.0,0.0,1.0
2002-07-05,7.01,7.01,7.01,7.01,5.4718,500.0,0.0,1.0
2002-07-08,7.01,7.01,7.01,7.01,5.4718,0.0,0.0,1.0
2002-07-09,6.85,6.86,6.81,6.86,5.3547,4700.0,0.0,1.0
2002-07-10,6.8,6.8,6.77,6.77,5.2845,2700.0,0.0,1.0
2002-07-11,6.99,7.0,6.99,6.99,5.4562,1200.0,0.0,1.0
2002-07-12,6.95,6.95,6.95,6.95,5.425,500.0,0.0,1.0
2002-07-15,7.0,7.0,6.99,7.0,5.464,900.0,0.0,1.0
2002-07-16,6.85,6.86,6.72,6.72,5.2455,1600.0,0.0,1.0
2002-07-17,7.0,7.0,6.99,6.99,5.4562,600.0,0.0,1.0
2002-07-18,6.99,7.0,6.99,7.0,5.464,600.0,0.0,1.0
2002-07-19,7.0,7.0,7.0,7.0,5.464,0.0,0.0,1.0
2002-07-22,6.4,6.4,6.0,6.1,4.7615,9200.0,0.0,1.0
2002-07-23,6.3,7.14,6.3,7.14,5.5733,800.0,0.0,1.0
2002-07-24,6.1,6.89,6.1,6.35,4.9566,10100.0,0.0,1.0
2002-07-25,6.77,6.77,6.11,6.49,5.0659,1100.0,0.0,1.0
2002-07-26,6.49,6.49,6.32,6.32,4.9332,1600.0,0.0,1.0
2002-07-29,6.4,6.4,6.4,6.4,4.9957,100.0,0.0,1.0
2002-07-30,6.49,6.5,6.49,6.5,5.0737,700.0,0.0,1.0
2002-07-31,6.54,6.83,6.54,6.56,5.1206,5500.0,0.0,1.0
2002-08-01,6.74,6.74,6.74,6.74,5.3121,2000.0,0.063,1.0
2002-08-02,6.7,6.7,6.7,6.7,5.2806,5400.0,0.0,1.0
2002-08-05,6.57,6.57,6.56,6.56,5.1702,2600.0,0.0,1.0
2002-08-06,6.79,7.19,6.79,7.19,5.6667,500.0,0.0,1.0
2002-08-07,6.75,6.76,6.75,6.75,5.32,2300.0,0.0,1.0
2002-08-08,6.7,6.75,6.7,6.75,5.32,700.0,0.0,1.0
2002-08-09,6.75,6.75,6.75,6.75,5.32,0.0,0.0,1.0
2002-08-12,6.71,6.71,6.5,6.5,5.1229,3200.0,0.0,1.0
2002-08-13,6.47,6.47,6.47,6.47,5.0993,500.0,0.0,1.0
2002-08-14,6.48,6.5,6.48,6.5,5.1229,600.0,0.0,1.0
2002-08-15,6.54,6.54,6.44,6.44,5.0756,2100.0,0.0,1.0
2002-08-16,6.32,6.32,6.18,6.2,4.8865,600.0,0.0,1.0
2002-08-19,6.28,6.29,6.25,6.26,4.9338,4900.0,0.0,1.0
2002-08-20,6.2,6.27,6.07,6.07,4.784,5400.0,0.0,1.0
2002-08-21,6.16,6.16,6.16,6.16,4.855,300.0,0.0,1.0
2002-08-22,6.23,6.23,6.2,6.2,4.8865,600.0,0.0,1.0
2002-08-23,6.01,6.1,6.01,6.1,4.8077,400.0,0.0,1.0
2002-08-26,6.23,6.23,6.2,6.2,4.8865,2200.0,0.0,1.0
2002-08-27,6.17,6.44,6.01,6.44,5.0756,4400.0,0.0,1.0
2002-08-28,6.14,6.14,6.14,6.14,4.8392,800.0,0.0,1.0
2002-08-29,6.14,6.25,6.14,6.25,4.9259,3000.0,0.0,1.0
2002-08-30,6.15,6.26,6.1,6.26,4.9338,2000.0,0.0,1.0
2002-09-03,6.44,6.44,6.25,6.25,4.9259,3100.0,0.0,1.0
2002-09-04,6.06,6.06,6.06,6.06,4.7761,400.0,0.0,1.0
2002-09-05,6.06,6.06,6.06,6.06,4.7761,0.0,0.0,1.0
2002-09-06,6.05,6.25,6.05,6.05,4.7683,6300.0,0.0,1.0
2002-09-09,6.43,6.43,6.43,6.43,5.0678,400.0,0.0,1.0
2002-09-10,6.44,6.44,6.44,6.44,5.0756,100.0,0.0,1.0
2002-09-11,6.25,6.25,6.24,6.24,4.918,500.0,0.0,1.0
2002-09-12,6.06,6.06,6.05,6.05,4.7683,8900.0,0.0,1.0
2002-09-13,6.23,6.23,6.23,6.23,4.9101,500.0,0.0,1.0
2002-09-16,6.25,6.49,6.25,6.49,5.115,300.0,0.0,1.0
2002-09-17,6.07,6.08,6.05,6.06,4.7761,3300.0,0.0,1.0
2002-09-18,6.26,6.26,6.05,6.15,4.8471,3400.0,0.0,1.0
2002-09-19,6.0,6.25,6.0,6.25,4.9259,800.0,0.0,1.0
2002-09-20,6.01,6.1,6.0,6.0,4.7289,6000.0,0.0,1.0
2002-09-23,6.15,6.15,5.9,5.91,4.6579,4300.0,0.0,1.0
2002-09-24,5.81,6.0,5.5,5.59,4.4057,17500.0,0.0,1.0
2002-09-25,5.59,5.6,5.35,5.35,4.2166,3300.0,0.0,1.0
2002-09-26,5.49,5.5,5.49,5.5,4.3348,2000.0,0.0,1.0
2002-09-27,5.49,5.49,5.03,5.03,3.9644,1300.0,0.0,1.0
2002-09-30,5.01,5.35,4.26,4.99,3.9328,10500.0,0.0,1.0
2002-10-01,4.98,5.0,4.98,5.0,3.9407,3900.0,0.0,1.0
2002-10-02,5.22,5.22,4.99,4.99,3.9328,2300.0,0.0,1.0
2002-10-03,4.9,5.15,4.9,5.15,4.0589,8000.0,0.0,1.0
2002-10-04,5.15,5.15,5.15,5.15,4.0589,0.0,0.0,1.0
2002-10-07,5.22,5.22,5.19,5.19,4.0905,200.0,0.0,1.0
2002-10-08,5.2,5.2,5.02,5.02,3.9565,24600.0,0.0,1.0
2002-10-09,5.01,5.2,4.99,5.2,4.0983,3500.0,0.0,1.0
2002-10-10,5.18,5.43,5.02,5.43,4.2796,3800.0,0.0,1.0
2002-10-11,5.55,5.55,5.04,5.04,3.9722,3600.0,0.0,1.0
2002-10-14,5.25,5.25,4.94,4.94,3.8934,600.0,0.0,1.0
2002-10-15,5.16,5.27,5.03,5.27,4.1535,2500.0,0.0,1.0
2002-10-16,5.19,5.19,5.04,5.04,3.9722,2500.0,0.0,1.0
2002-10-17,5.29,5.29,5.03,5.03,3.9644,800.0,0.0,1.0
2002-10-18,5.06,5.06,5.02,5.02,3.9565,1300.0,0.0,1.0
2002-10-21,5.23,5.24,5.07,5.1,4.0195,4900.0,0.0,1.0
2002-10-22,5.05,5.06,5.0,5.06,3.988,7500.0,0.0,1.0
2002-10-23,5.21,5.21,5.18,5.18,4.0826,300.0,0.0,1.0
2002-10-24,5.18,5.18,5.18,5.18,4.0826,0.0,0.0,1.0
2002-10-25,5.25,5.25,5.05,5.05,3.9801,900.0,0.0,1.0
2002-10-28,5.01,5.01,4.84,4.84,3.8146,1200.0,0.0,1.0
2002-10-29,5.18,5.18,5.01,5.01,3.9486,1400.0,0.0,1.0
2002-10-30,5.18,5.18,5.18,5.18,4.0826,500.0,0.0,1.0
2002-10-31,5.18,5.18,5.18,5.18,4.0826,0.0,0.0,1.0
2002-11-01,5.19,5.29,5.05,5.05,3.9801,6200.0,0.0,1.0
2002-11-04,5.05,5.1,4.87,5.09,4.0117,20000.0,0.0,1.0
2002-11-05,5.25,5.25,4.95,4.95,3.9013,14800.0,0.0,1.0
2002-11-06,5.14,5.15,4.9,4.9,3.8619,12100.0,0.0,1.0
2002-11-07,5.04,5.05,5.04,5.05,3.9801,1000.0,0.0,1.0
2002-11-08,4.91,4.98,4.9,4.98,3.925,4800.0,0.0,1.0
2002-11-11,5.03,5.04,4.91,5.04,3.9722,1800.0,0.0,1.0
2002-11-12,4.85,5.0,4.85,4.95,3.9507,76900.0,0.063,1.0
2002-11-13,4.89,4.89,4.85,4.85,3.8709,1100.0,0.0,1.0
2002-11-14,5.3,5.3,5.05,5.09,4.0624,4700.0,0.0,1.0
2002-11-15,5.06,5.07,5.0,5.03,4.0145,14700.0,0.0,1.0
2002-11-18,5.07,5.07,5.06,5.07,4.0465,2000.0,0.0,1.0
2002-11-19,5.02,5.05,4.95,5.05,4.0305,7100.0,0.0,1.0
2002-11-20,5.04,5.05,5.0,5.05,4.0305,2400.0,0.0,1.0
2002-11-21,5.04,5.04,4.8,4.8,3.831,2900.0,0.0,1.0
2002-11-22,5.07,5.07,4.8,4.8,3.831,6400.0,0.0,1.0
2002-11-25,4.98,5.0,4.93,5.0,3.9906,62200.0,0.0,1.0
2002-11-26,4.95,5.07,4.95,4.95,3.9507,33700.0,0.0,1.0
2002-11-27,4.96,4.96,4.95,4.95,3.9507,47600.0,0.0,1.0
2002-11-29,4.99,4.99,4.99,4.99,3.9826,700.0,0.0,1.0
2002-12-02,4.99,5.0,4.9,5.0,3.9906,10700.0,0.0,1.0
2002-12-03,4.99,5.0,4.94,5.0,3.9906,16100.0,0.0,1.0
2002-12-04,4.96,4.96,4.96,4.96,3.9587,100.0,0.0,1.0
2002-12-05,4.96,5.0,4.96,5.0,3.9906,20700.0,0.0,1.0
2002-12-06,5.0,5.0,4.96,4.99,3.9826,185700.0,0.0,1.0
2002-12-09,5.0,5.0,5.0,5.0,3.9906,30100.0,0.0,1.0
2002-12-10,5.0,5.0,5.0,5.0,3.9906,31500.0,0.0,1.0
2002-12-11,5.0,5.0,5.0,5.0,3.9906,9700.0,0.0,1.0
2002-12-12,5.0,5.0,4.99,5.0,3.9906,8300.0,0.0,1.0
2002-12-13,5.0,5.0,4.99,5.0,3.9906,1400.0,0.0,1.0
2002-12-16,5.04,5.05,5.0,5.01,3.9986,7600.0,0.0,1.0
2002-12-17,4.99,5.0,4.9,4.9,3.9108,10200.0,0.0,1.0
2002-12-18,4.95,4.95,4.9,4.9,3.9108,5000.0,0.0,1.0
2002-12-19,4.9,4.9,4.9,4.9,3.9108,0.0,0.0,1.0
2002-12-20,4.99,4.99,4.85,4.89,3.9028,4400.0,0.0,1.0
2002-12-23,4.86,4.98,4.83,4.83,3.8549,9000.0,0.0,1.0
2002-12-24,4.81,4.84,4.8,4.84,3.8629,7700.0,0.0,1.0
2002-12-26,4.76,4.79,4.75,4.78,3.815,8400.0,0.0,1.0
2002-12-27,4.71,4.71,4.71,4.71,3.7591,500.0,0.0,1.0
2002-12-30,4.71,4.78,4.7,4.77,3.807,4700.0,0.0,1.0
2002-12-31,4.74,4.99,4.65,4.77,3.807,17500.0,0.0,1.0
2003-01-02,4.9,5.0,4.76,4.79,3.823,3700.0,0.0,1.0
2003-01-03,4.88,4.88,4.8,4.8,3.831,1300.0,0.0,1.0
2003-01-06,4.8,4.8,4.77,4.77,3.807,2700.0,0.0,1.0
2003-01-07,4.84,4.87,4.8,4.87,3.8868,16400.0,0.0,1.0
2003-01-08,4.9,4.9,4.85,4.9,3.9108,8200.0,0.0,1.0
2003-01-09,4.97,5.07,4.92,5.07,4.0465,111300.0,0.0,1.0
2003-01-10,5.01,5.04,5.0,5.0,3.9906,29800.0,0.0,1.0
2003-01-13,5.06,5.06,5.05,5.06,4.0385,25800.0,0.0,1.0
2003-01-14,5.06,5.14,5.06,5.13,4.0944,25200.0,0.0,1.0
2003-01-15,5.14,5.15,5.12,5.15,4.1103,52800.0,0.0,1.0
2003-01-16,5.14,5.43,5.11,5.14,4.1023,59100.0,0.0,1.0
2003-01-17,5.14,5.45,5.14,5.21,4.1582,5200.0,0.0,1.0
2003-01-21,5.24,5.24,5.2,5.21,4.1582,6100.0,0.0,1.0
2003-01-22,5.07,5.15,5.02,5.1,4.0704,4600.0,0.0,1.0
2003-01-23,5.15,5.15,5.05,5.09,4.0624,2200.0,0.0,1.0
2003-01-24,5.02,5.2,5.02,5.19,4.1422,16400.0,0.0,1.0
2003-01-27,5.15,5.18,5.15,5.16,4.1183,4700.0,0.0,1.0
2003-01-28,5.15,5.16,5.13,5.16,4.1183,3500.0,0.0,1.0
2003-01-29,5.18,5.18,5.15,5.15,4.1103,2800.0,0.0,1.0
2003-01-30,5.18,5.18,5.15,5.17,4.1263,3700.0,0.0,1.0
2003-01-31,5.17,5.18,5.13,5.13,4.0944,5400.0,0.0,1.0
2003-02-03,5.13,5.15,5.13,5.13,4.0944,12100.0,0.0,1.0
2003-02-04,5.15,5.15,5.13,5.13,4.1453,2400.0,0.063,1.0
2003-02-05,5.15,5.15,5.12,5.12,4.1372,2900.0,0.0,1.0
2003-02-06,5.07,5.09,5.07,5.09,4.1129,11500.0,0.0,1.0
2003-02-07,5.14,5.14,5.0,5.0,4.0402,4200.0,0.0,1.0
2003-02-10,5.03,5.03,5.02,5.02,4.0564,300.0,0.0,1.0
2003-02-11,4.95,5.02,4.68,5.02,4.0564,4000.0,0.0,1.0
2003-02-12,5.01,5.04,5.01,5.04,4.0725,31300.0,0.0,1.0
2003-02-13,5.04,5.05,5.0,5.0,4.0402,10300.0,0.0,1.0
2003-02-14,5.0,5.0,5.0,5.0,4.0402,0.0,0.0,1.0
2003-02-18,6.99,7.1,6.25,6.25,5.0503,404300.0,0.0,1.0
2003-02-19,6.45,6.45,6.1,6.44,5.2038,100800.0,0.0,1.0
2003-02-20,6.6,6.6,6.14,6.2,5.0099,117000.0,0.0,1.0
2003-02-21,6.2,6.3,6.05,6.13,4.9533,95700.0,0.0,1.0
2003-02-24,6.35,6.4,6.01,6.06,4.8967,90300.0,0.0,1.0
2003-02-25,6.01,6.05,5.8,5.81,4.6947,96800.0,0.0,1.0
2003-02-26,5.88,6.15,5.78,6.01,4.8563,56300.0,0.0,1.0
2003-02-27,6.24,6.5,6.22,6.37,5.1472,338100.0,0.0,1.0
2003-02-28,6.4,6.5,6.27,6.3,5.0907,74400.0,0.0,1.0
2003-03-03,6.4,6.5,6.37,6.41,5.1796,63100.0,0.0,1.0
2003-03-04,6.43,6.47,6.15,6.15,4.9695,37800.0,0.0,1.0
2003-03-05,6.26,6.26,5.8,5.9,4.7675,96200.0,0.0,1.0
2003-03-06,5.86,6.2,5.84,5.95,4.8079,45900.0,0.0,1.0
2003-03-07,6.0,6.0,5.75,5.77,4.6624,101600.0,0.0,1.0
2003-03-10,5.9,5.9,5.68,5.7,4.6058,60900.0,0.0,1.0
2003-03-11,5.7,5.99,5.64,5.65,4.5654,77800.0,0.0,1.0
2003-03-12,5.7,6.15,5.64,5.9,4.7675,31600.0,0.0,1.0
2003-03-13,6.1,6.25,6.09,6.23,5.0341,22900.0,0.0,1.0
2003-03-14,6.24,6.39,6.15,6.39,5.1634,51600.0,0.0,1.0
2003-03-17,6.16,6.47,6.02,6.47,5.228,14200.0,0.0,1.0
2003-03-18,6.35,6.5,6.16,6.35,5.1311,40200.0,0.0,1.0
2003-03-19,6.2,6.45,6.2,6.44,5.2038,35300.0,0.0,1.0
2003-03-20,6.3,6.44,6.25,6.25,5.0503,4100.0,0.0,1.0
2003-03-21,6.39,6.4,6.3,6.4,5.1715,22300.0,0.0,1.0
2003-03-24,6.3,6.39,6.2,6.3,5.0907,30900.0,0.0,1.0
2003-03-25,6.34,6.43,6.29,6.3,5.0907,10100.0,0.0,1.0
2003-03-26,6.33,6.55,6.25,6.55,5.2927,30300.0,0.0,1.0
2003-03-27,6.43,6.54,6.3,6.3,5.0907,9300.0,0.0,1.0
2003-03-28,6.35,6.41,6.26,6.31,5.0988,18500.0,0.0,1.0
2003-03-31,6.34,6.35,6.26,6.31,5.0988,20000.0,0.0,1.0
2003-04-01,6.31,6.55,6.3,6.55,5.2927,17700.0,0.0,1.0
2003-04-02,6.5,6.6,6.46,6.5,5.2523,13400.0,0.0,1.0
2003-04-03,6.57,6.57,6.46,6.5,5.2523,24100.0,0.0,1.0
2003-04-04,6.52,6.52,6.4,6.43,5.1957,15800.0,0.0,1.0
2003-04-07,6.47,6.67,6.4,6.48,5.2361,12700.0,0.0,1.0
2003-04-08,6.48,6.49,6.4,6.43,5.1957,12000.0,0.0,1.0
2003-04-09,6.43,6.56,6.43,6.56,5.3008,30800.0,0.0,1.0
2003-04-10,6.55,6.77,6.55,6.7,5.4139,20400.0,0.0,1.0
2003-04-11,6.75,6.9,6.75,6.81,5.5028,18100.0,0.0,1.0
2003-04-14,6.82,7.5,6.82,7.2,5.8179,48300.0,0.0,1.0
2003-04-15,7.2,7.39,7.1,7.3,5.8987,55500.0,0.0,1.0
2003-04-16,7.32,7.44,7.25,7.25,5.8583,16000.0,0.0,1.0
2003-04-17,7.24,7.44,7.24,7.43,6.0038,20600.0,0.0,1.0
2003-04-21,7.45,7.83,7.25,7.5,6.0603,79000.0,0.0,1.0
2003-04-22,7.5,7.85,7.45,7.57,6.1169,34300.0,0.0,1.0
2003-04-23,7.49,7.56,7.43,7.55,6.1007,61500.0,0.0,1.0
2003-04-24,7.4,7.6,7.4,7.46,6.028,12000.0,0.0,1.0
2003-04-25,7.4,7.5,7.0,7.45,6.0199,43600.0,0.0,1.0
2003-04-28,7.07,7.93,7.07,7.68,6.2058,45800.0,0.0,1.0
2003-04-29,7.85,7.85,6.6,6.85,5.5351,107600.0,0.0,1.0
2003-04-30,6.85,6.85,6.71,6.82,5.5109,28900.0,0.0,1.0
2003-05-01,6.75,6.75,6.56,6.7,5.4644,28000.0,0.063,1.0
2003-05-02,6.68,7.0,6.68,6.99,5.7009,16100.0,0.0,1.0
2003-05-05,6.8,7.3,6.77,7.15,5.8314,40700.0,0.0,1.0
2003-05-06,7.03,7.35,7.03,7.28,5.9374,26500.0,0.0,1.0
2003-05-07,7.23,7.42,7.15,7.27,5.9292,13600.0,0.0,1.0
2003-05-08,7.26,7.4,7.17,7.24,5.9048,12900.0,0.0,1.0
2003-05-09,7.43,7.43,7.26,7.26,5.9211,1200.0,0.0,1.0
2003-05-12,7.35,7.45,7.16,7.45,6.076,13600.0,0.0,1.0
2003-05-13,7.3,7.46,7.24,7.45,6.076,8200.0,0.0,1.0
2003-05-14,7.35,7.45,7.35,7.35,5.9945,9900.0,0.0,1.0
2003-05-15,7.33,7.33,7.15,7.2,5.8722,13400.0,0.0,1.0
2003-05-16,7.2,7.25,7.07,7.25,5.9129,14900.0,0.0,1.0
2003-05-19,7.57,7.57,7.08,7.21,5.8803,19500.0,0.0,1.0
2003-05-20,7.3,7.42,7.09,7.42,6.0516,14200.0,0.0,1.0
2003-05-21,7.35,7.42,7.34,7.35,5.9945,8500.0,0.0,1.0
2003-05-22,7.26,7.35,7.25,7.28,5.9374,4200.0,0.0,1.0
2003-05-23,7.21,7.43,7.21,7.35,5.9945,10100.0,0.0,1.0
2003-05-27,7.36,7.45,7.26,7.45,6.076,6800.0,0.0,1.0
2003-05-28,7.39,7.4,7.35,7.37,6.0108,3400.0,0.0,1.0
2003-05-29,7.32,7.5,7.32,7.48,6.1005,15500.0,0.0,1.0
2003-05-30,7.45,7.48,7.35,7.4,6.0353,58000.0,0.0,1.0
2003-06-02,7.4,7.46,7.38,7.42,6.0516,5400.0,0.0,1.0
2003-06-03,7.26,7.42,7.26,7.3,5.9537,14300.0,0.0,1.0
2003-06-04,7.43,7.45,7.35,7.45,6.076,11500.0,0.0,1.0
2003-06-05,7.06,7.44,7.06,7.39,6.0271,9500.0,0.0,1.0
2003-06-06,7.43,7.48,7.35,7.45,6.076,18300.0,0.0,1.0
2003-06-09,7.46,7.75,7.46,7.56,6.1658,13700.0,0.0,1.0
2003-06-10,7.79,7.79,7.64,7.65,6.2392,11500.0,0.0,1.0
2003-06-11,7.5,7.51,7.15,7.5,6.1168,8400.0,0.0,1.0
2003-06-12,7.51,7.7,7.41,7.7,6.2799,36300.0,0.0,1.0
2003-06-13,7.64,7.75,7.52,7.54,6.1494,11800.0,0.0,1.0
2003-06-16,7.64,7.64,7.45,7.58,6.1821,16200.0,0.0,1.0
2003-06-17,7.52,7.58,7.46,7.54,6.1494,12700.0,0.0,1.0
2003-06-18,7.5,7.57,7.48,7.52,6.1331,19200.0,0.0,1.0
2003-06-19,7.64,7.75,7.45,7.75,6.3207,18300.0,0.0,1.0
2003-06-20,7.72,7.82,7.72,7.75,6.3207,2400.0,0.0,1.0
2003-06-23,7.75,7.77,7.64,7.65,6.2392,7600.0,0.0,1.0
2003-06-24,7.68,7.69,7.58,7.58,6.1821,8400.0,0.0,1.0
2003-06-25,7.73,7.73,7.6,7.71,6.2881,6000.0,0.0,1.0
2003-06-26,7.63,7.7,7.63,7.7,6.2799,900.0,0.0,1.0
2003-06-27,7.77,7.77,7.63,7.69,6.2718,5700.0,0.0,1.0
2003-06-30,7.82,7.88,7.61,7.65,6.2392,4300.0,0.0,1.0
2003-07-01,7.72,7.76,7.6,7.72,6.2963,5700.0,0.0,1.0
2003-07-02,7.68,7.77,7.6,7.77,6.337,14300.0,0.0,1.0
2003-07-03,7.77,7.79,7.77,7.78,6.3452,1200.0,0.0,1.0
2003-07-07,7.63,7.77,7.62,7.77,6.337,27700.0,0.0,1.0
2003-07-08,7.62,7.62,7.6,7.6,6.1984,300.0,0.0,1.0
2003-07-09,7.62,7.89,7.5,7.85,6.4023,55600.0,0.0,1.0
2003-07-10,7.9,7.9,7.58,7.77,6.337,39400.0,0.0,1.0
2003-07-11,7.84,8.15,7.78,8.1,6.6062,121900.0,0.0,1.0
2003-07-14,8.1,8.16,7.77,7.9,6.4431,26900.0,0.0,1.0
2003-07-15,7.98,8.0,7.9,7.97,6.5001,3800.0,0.0,1.0
2003-07-16,8.01,8.01,7.7,7.89,6.4349,22700.0,0.0,1.0
2003-07-17,7.74,7.88,7.7,7.75,6.3207,22000.0,0.0,1.0
2003-07-18,7.71,8.0,7.71,8.0,6.5246,6500.0,0.0,1.0
2003-07-21,7.95,8.04,7.7,7.95,6.4838,13300.0,0.0,1.0
2003-07-22,8.04,8.05,7.95,7.95,6.4838,6200.0,0.0,1.0
2003-07-23,7.91,8.02,7.44,7.8,6.3615,25800.0,0.0,1.0
2003-07-24,7.79,7.8,7.75,7.75,6.3207,15400.0,0.0,1.0
2003-07-25,7.32,7.85,7.31,7.8,6.3615,23400.0,0.0,1.0
2003-07-28,7.8,8.0,7.76,7.91,6.4512,10200.0,0.0,1.0
2003-07-29,8.09,8.1,7.91,7.95,6.4838,10600.0,0.0,1.0
2003-07-30,7.95,8.04,7.95,8.01,6.5328,9200.0,0.0,1.0
2003-07-31,8.08,8.6,8.07,8.31,6.7774,84000.0,0.0,1.0
2003-08-01,8.35,8.36,8.3,8.3,6.8206,38600.0,0.0625,1.0
2003-08-04,8.35,8.36,8.05,8.25,6.8314,25200.0,0.063,1.0
2003-08-05,8.3,8.3,8.2,8.2,6.7899,5500.0,0.0,1.0
2003-08-06,8.22,8.22,7.93,8.1,6.7071,17600.0,0.0,1.0
2003-08-07,8.12,8.29,8.12,8.21,6.7982,23900.0,0.0,1.0
2003-08-08,8.25,8.26,8.23,8.25,6.8314,25500.0,0.0,1.0
2003-08-11,8.37,8.61,8.23,8.59,7.1129,27900.0,0.0,1.0
2003-08-12,8.58,8.65,8.58,8.65,7.1626,10700.0,0.0,1.0
2003-08-13,8.66,8.66,6.43,8.55,7.0798,10900.0,0.0,1.0
2003-08-14,8.65,8.69,8.61,8.69,7.1957,8200.0,0.0,1.0
2003-08-15,8.62,8.62,8.62,8.62,7.1377,200.0,0.0,1.0
2003-08-18,8.72,8.79,8.6,8.74,7.2371,32400.0,0.0,1.0
2003-08-19,8.74,8.95,8.65,8.89,7.3613,26300.0,0.0,1.0
2003-08-20,8.95,8.95,8.85,8.9,7.3696,17500.0,0.0,1.0
2003-08-21,8.95,9.75,8.9,9.4,7.7836,91000.0,0.0,1.0
2003-08-22,9.3,9.5,9.25,9.26,7.6677,20900.0,0.0,1.0
2003-08-25,9.36,9.4,9.24,9.3,7.7008,15000.0,0.0,1.0
2003-08-26,9.2,9.33,9.0,9.0,7.4524,12600.0,0.0,1.0
2003-08-27,9.13,9.27,9.01,9.05,7.4938,12300.0,0.0,1.0
2003-08-28,9.05,9.24,9.05,9.21,7.6263,21100.0,0.0,1.0
2003-08-29,9.27,9.27,9.06,9.08,7.5186,16500.0,0.0,1.0
2003-09-02,9.0,9.52,9.0,9.4,7.7836,45800.0,0.0,1.0
2003-09-03,9.25,9.61,9.25,9.5,7.8664,13000.0,0.0,1.0
2003-09-04,9.49,9.5,9.07,9.45,7.825,12800.0,0.0,1.0
2003-09-05,9.49,9.5,9.4,9.5,7.8664,10600.0,0.0,1.0
2003-09-08,9.49,9.49,9.04,9.43,7.8084,15800.0,0.0,1.0
2003-09-09,9.37,9.45,9.16,9.43,7.8084,19100.0,0.0,1.0
2003-09-10,9.25,9.5,9.25,9.5,7.8664,9300.0,0.0,1.0
2003-09-11,9.34,9.76,9.34,9.75,8.0734,56400.0,0.0,1.0
2003-09-12,9.67,9.75,9.65,9.75,8.0734,7300.0,0.0,1.0
2003-09-15,9.67,9.75,9.52,9.65,7.9906,29000.0,0.0,1.0
2003-09-16,9.6,10.0,9.6,9.98,8.2639,71900.0,0.0,1.0
2003-09-17,10.01,10.02,9.86,9.92,8.2142,12400.0,0.0,1.0
2003-09-18,9.99,9.99,9.89,9.9,8.1976,19400.0,0.0,1.0
2003-09-19,9.91,10.02,9.91,10.0,8.2804,42400.0,0.0,1.0
2003-09-22,10.0,10.0,9.85,9.95,8.239,29600.0,0.0,1.0
2003-09-23,9.95,10.02,9.81,9.9,8.1976,47700.0,0.0,1.0
2003-09-24,9.86,10.3,9.86,10.27,8.504,168900.0,0.0,1.0
2003-09-25,10.3,10.3,10.19,10.3,8.5288,43700.0,0.0,1.0
2003-09-26,10.21,10.29,9.47,10.0,8.2804,22300.0,0.0,1.0
2003-09-29,10.0,10.5,10.0,10.49,8.6862,53200.0,0.0,1.0
2003-09-30,10.5,10.5,10.36,10.46,8.6613,14500.0,0.0,1.0
2003-10-01,10.36,10.49,10.13,10.36,8.5785,28700.0,0.0,1.0
2003-10-02,10.39,10.51,10.2,10.41,8.6199,29600.0,0.0,1.0
2003-10-03,10.28,10.37,9.84,10.0,8.2804,21800.0,0.0,1.0
2003-10-06,14.72,16.07,11.93,12.25,10.1435,369500.0,0.0,1.0
2003-10-07,12.15,12.48,11.7,12.35,10.2263,120000.0,0.0,1.0
2003-10-08,12.37,13.09,12.26,12.97,10.7397,117200.0,0.0,1.0
2003-10-09,13.1,14.18,12.95,13.4,11.0958,151600.0,0.0,1.0
2003-10-10,13.45,13.98,13.19,13.3,11.013,58400.0,0.0,1.0
2003-10-13,13.98,13.98,13.33,13.61,11.2697,32500.0,0.0,1.0
2003-10-14,13.46,13.7,13.25,13.5,11.1786,35900.0,0.0,1.0
2003-10-15,13.65,13.65,13.2,13.4,11.0958,16700.0,0.0,1.0
2003-10-16,13.28,13.54,13.28,13.48,11.162,5900.0,0.0,1.0
2003-10-17,13.54,13.65,13.36,13.55,11.22,13900.0,0.0,1.0
2003-10-20,13.35,13.73,13.0,13.35,11.0544,47000.0,0.0,1.0
2003-10-21,13.35,13.5,12.83,12.91,10.69,40300.0,0.0,1.0
2003-10-22,12.8,12.91,12.2,12.71,10.5244,39800.0,0.0,1.0
2003-10-23,12.6,13.0,12.6,12.99,10.7563,16400.0,0.0,1.0
2003-10-24,12.91,12.94,12.66,12.81,10.6072,24600.0,0.0,1.0
2003-10-27,12.99,13.85,12.75,13.35,11.0544,42900.0,0.0,1.0
2003-10-28,13.37,13.71,13.37,13.45,11.1372,68400.0,0.0,1.0
2003-10-29,13.53,13.74,13.2,13.5,11.1786,82100.0,0.0,1.0
2003-10-30,13.75,14.4,13.5,14.15,11.7168,202100.0,0.0,1.0
2003-10-31,14.34,14.34,13.6,13.93,11.5346,46000.0,0.0,1.0
2003-11-03,14.0,14.0,13.25,13.31,11.0212,29800.0,0.0,1.0
2003-11-04,13.41,13.85,13.03,13.17,10.9053,21400.0,0.0,1.0
2003-11-05,13.19,13.19,12.52,12.7,10.5161,28100.0,0.0,1.0
2003-11-06,12.75,13.0,12.26,12.55,10.3919,17300.0,0.0,1.0
2003-11-07,12.52,13.0,12.5,12.85,10.6403,18400.0,0.0,1.0
2003-11-10,13.04,13.05,12.8,12.97,10.7397,22000.0,0.0,1.0
2003-11-11,12.7,13.0,12.6,12.99,10.7563,12600.0,0.0,1.0
2003-11-12,13.05,13.05,12.76,12.95,10.7231,29100.0,0.0,1.0
2003-11-13,12.95,13.25,12.76,13.25,10.9716,46300.0,0.0,1.0
2003-11-14,13.57,13.57,13.11,13.23,10.955,11300.0,0.0,1.0
2003-11-17,13.36,13.36,13.06,13.08,10.8308,9500.0,0.0,1.0
2003-11-18,12.2,13.18,12.2,12.95,10.775,5600.0,0.063,1.0
2003-11-19,12.31,12.96,12.31,12.86,10.7002,8400.0,0.0,1.0
2003-11-20,12.82,13.17,12.82,13.17,10.9581,6200.0,0.0,1.0
2003-11-21,13.2,13.39,13.2,13.31,11.0746,7000.0,0.0,1.0
2003-11-24,13.38,14.2,13.38,13.98,11.6321,127700.0,0.0,1.0
2003-11-25,14.0,14.25,13.76,14.0,11.6487,48900.0,0.0,1.0
2003-11-26,14.0,14.1,13.9,14.1,11.7319,44200.0,0.0,1.0
2003-11-28,14.1,14.1,13.9,14.0,11.6487,9300.0,0.0,1.0
2003-12-01,14.02,14.02,13.84,14.0,11.6487,42400.0,0.0,1.0
2003-12-02,13.81,15.0,13.81,13.86,11.5322,102000.0,0.0,1.0
2003-12-03,14.0,14.26,13.8,13.81,11.4906,10100.0,0.0,1.0
2003-12-04,13.99,14.0,13.83,13.98,11.6321,15700.0,0.0,1.0
2003-12-05,13.99,14.0,13.84,13.84,11.5156,7900.0,0.0,1.0
2003-12-08,13.99,14.46,13.82,14.12,11.7485,87600.0,0.0,1.0
2003-12-09,14.11,14.35,14.0,14.1,11.7319,30700.0,0.0,1.0
2003-12-10,14.14,14.19,13.95,14.0,11.6487,36000.0,0.0,1.0
2003-12-11,13.9,14.15,13.9,14.15,11.7735,11200.0,0.0,1.0
2003-12-12,14.25,14.25,14.0,14.14,11.7652,5500.0,0.0,1.0
2003-12-15,14.01,14.14,14.01,14.06,11.6986,4800.0,0.0,1.0
2003-12-16,14.23,14.57,14.06,14.57,12.123,11200.0,0.0,1.0
2003-12-17,14.6,14.97,14.47,14.97,12.4558,24500.0,0.0,1.0
2003-12-18,14.94,14.95,14.5,14.71,12.2395,45100.0,0.0,1.0
2003-12-19,14.75,15.74,14.74,14.8,12.3143,38400.0,0.0,1.0
2003-12-22,14.99,14.99,14.22,14.6,12.1479,11200.0,0.0,1.0
2003-12-23,14.75,14.95,14.5,14.95,12.4392,19400.0,0.0,1.0
2003-12-24,14.02,14.88,14.01,14.88,12.3809,6900.0,0.0,1.0
2003-12-26,14.94,16.89,14.94,16.89,14.0533,81300.0,0.0,1.0
2003-12-29,16.5,17.12,16.5,16.98,14.1282,120900.0,0.0,1.0
2003-12-30,16.73,17.11,16.73,17.05,14.1865,66100.0,0.0,1.0
2003-12-31,16.84,16.99,16.56,16.9,14.0616,31800.0,0.0,1.0
2004-01-02,16.99,16.99,15.77,15.94,13.2629,66100.0,0.0,1.0
2004-01-05,15.4,16.96,15.0,15.55,12.9384,82500.0,0.0,1.0
2004-01-06,15.38,15.38,14.9,15.21,12.6555,66700.0,0.0,1.0
2004-01-07,15.21,15.21,14.36,15.07,12.539,79600.0,0.0,1.0
2004-01-08,14.52,15.21,14.5,15.15,12.6056,15700.0,0.0,1.0
2004-01-09,15.21,15.21,14.96,15.14,12.5972,24300.0,0.0,1.0
2004-01-12,15.21,15.82,15.0,15.6,12.98,49400.0,0.0,1.0
2004-01-13,15.43,15.88,15.43,15.48,12.8801,46700.0,0.0,1.0
2004-01-14,15.56,15.57,15.22,15.37,12.7886,40000.0,0.0,1.0
2004-01-15,15.24,15.4,15.24,15.35,12.772,25700.0,0.0,1.0
2004-01-16,15.38,15.65,15.2,15.65,13.0216,7400.0,0.0,1.0
2004-01-20,15.38,15.65,15.38,15.65,13.0216,3700.0,0.0,1.0
2004-01-21,15.39,15.75,15.01,15.01,12.4891,45900.0,0.0,1.0
2004-01-22,14.89,15.43,14.72,15.35,12.772,17000.0,0.0,1.0
2004-01-23,15.12,15.4,15.12,15.35,12.772,8300.0,0.0,1.0
2004-01-26,15.29,15.57,15.26,15.57,12.955,9200.0,0.0,1.0
2004-01-27,15.81,15.81,15.5,15.75,13.1048,15200.0,0.0,1.0
2004-01-28,15.46,15.67,15.28,15.3,12.7304,11500.0,0.0,1.0
2004-01-29,15.3,15.7,15.2,15.5,12.8968,7600.0,0.0,1.0
2004-01-30,15.5,15.5,15.31,15.35,12.772,4100.0,0.0,1.0
2004-02-02,15.3,15.32,15.07,15.07,12.539,23400.0,0.0,1.0
2004-02-03,15.05,16.09,15.05,15.21,12.6555,39800.0,0.0,1.0
2004-02-04,15.11,15.18,14.6,14.8,12.3656,25100.0,0.063,1.0
2004-02-05,14.8,15.62,14.8,14.92,12.4658,60800.0,0.0,1.0
2004-02-06,14.99,15.0,14.81,14.99,12.5243,8300.0,0.0,1.0
2004-02-09,15.0,15.13,14.95,14.99,12.5243,3800.0,0.0,1.0
2004-02-10,14.99,15.09,14.85,14.98,12.516,11400.0,0.0,1.0
2004-02-11,14.8,14.86,14.5,14.66,12.2486,18100.0,0.0,1.0
2004-02-12,14.65,15.12,14.65,15.12,12.6329,5000.0,0.0,1.0
2004-02-13,15.0,15.01,14.6,14.84,12.399,1800.0,0.0,1.0
2004-02-17,14.81,14.81,14.6,14.75,12.3238,14100.0,0.0,1.0
2004-02-18,14.6,14.73,14.4,14.49,12.1065,34200.0,0.0,1.0
2004-02-19,14.06,14.36,12.98,13.41,11.2042,74900.0,0.0,1.0
2004-02-20,13.0,13.88,12.59,13.67,11.4214,44600.0,0.0,1.0
2004-02-23,13.97,14.38,13.85,14.2,11.8643,20400.0,0.0,1.0
2004-02-24,14.04,14.35,13.96,13.96,11.6637,13700.0,0.0,1.0
2004-02-25,13.75,14.1,13.75,13.86,11.5802,37900.0,0.0,1.0
2004-02-26,14.54,16.65,14.54,15.12,12.6329,119700.0,0.0,1.0
2004-02-27,16.39,16.39,15.2,15.74,13.1509,12800.0,0.0,1.0
2004-03-01,15.75,16.25,15.37,15.65,13.0757,76700.0,0.0,1.0
2004-03-02,15.7,16.21,15.5,15.75,13.1593,32900.0,0.0,1.0
2004-03-03,15.65,15.74,15.5,15.64,13.0674,52400.0,0.0,1.0
2004-03-04,15.6,16.34,15.52,16.3,13.6188,109900.0,0.0,1.0
2004-03-05,17.48,17.48,16.36,16.82,14.0533,160500.0,0.0,1.0
2004-03-08,17.11,17.15,16.62,16.66,13.9196,64800.0,0.0,1.0
2004-03-09,16.9,16.9,16.6,16.81,14.0449,38500.0,0.0,1.0
2004-03-10,16.71,17.0,16.5,16.5,13.7859,42200.0,0.0,1.0
2004-03-11,16.58,17.0,16.01,16.04,13.4016,21500.0,0.0,1.0
2004-03-12,16.31,16.31,16.0,16.0,13.3682,23800.0,0.0,1.0
2004-03-15,16.61,16.61,16.08,16.36,13.669,19400.0,0.0,1.0
2004-03-16,16.53,16.6,16.0,16.0,13.3682,17400.0,0.0,1.0
2004-03-17,16.43,16.43,15.8,16.18,13.5186,9200.0,0.0,1.0
2004-03-18,15.51,16.25,15.51,16.01,13.3765,10200.0,0.0,1.0
2004-03-19,16.25,16.25,15.8,16.02,13.3849,30000.0,0.0,1.0
2004-03-22,16.0,17.0,15.92,16.92,14.1368,21900.0,0.0,1.0
2004-03-23,16.67,16.85,16.09,16.26,13.5854,29200.0,0.0,1.0
2004-03-24,16.51,16.73,16.0,16.3,13.6188,15900.0,0.0,1.0
2004-03-25,16.2,16.84,16.01,16.79,14.0282,20500.0,0.0,1.0
2004-03-26,16.85,16.9,16.8,16.85,14.0784,11000.0,0.0,1.0
2004-03-29,16.9,18.82,16.47,17.6,14.705,64000.0,0.0,1.0
2004-03-30,18.0,18.0,17.41,17.65,14.7468,24800.0,0.0,1.0
2004-03-31,17.95,17.95,17.45,17.54,14.6549,20200.0,0.0,1.0
2004-04-01,17.06,17.95,17.06,17.78,14.8554,28700.0,0.0,1.0
2004-04-02,18.0,18.43,17.89,17.99,15.0308,56600.0,0.0,1.0
2004-04-05,17.89,19.2,17.78,19.0,15.8747,174700.0,0.0,1.0
2004-04-06,18.99,19.52,18.82,19.22,16.0585,61700.0,0.0,1.0
2004-04-07,19.22,19.49,19.22,19.3,16.1254,49300.0,0.0,1.0
2004-04-08,19.3,19.61,19.09,19.29,16.117,13000.0,0.0,1.0
2004-04-12,19.08,20.36,19.08,19.5,16.2925,48000.0,0.0,1.0
2004-04-13,20.19,20.19,19.45,19.6,16.376,15600.0,0.0,1.0
2004-04-14,19.4,19.41,18.1,19.14,15.9917,28900.0,0.0,1.0
2004-04-15,18.64,19.13,18.39,19.0,15.8747,21600.0,0.0,1.0
2004-04-16,18.45,19.25,18.45,19.07,15.9332,25600.0,0.0,1.0
2004-04-19,19.39,19.39,18.63,19.16,16.0084,41400.0,0.0,1.0
2004-04-20,19.0,19.04,18.7,18.98,15.858,5900.0,0.0,1.0
2004-04-21,19.05,19.4,18.87,18.94,15.8246,11700.0,0.0,1.0
2004-04-22,19.02,19.5,18.91,19.25,16.0836,29800.0,0.0,1.0
2004-04-23,19.19,19.5,19.03,19.27,16.1003,14800.0,0.0,1.0
2004-04-26,19.21,19.41,18.5,19.1,15.9583,38500.0,0.0,1.0
2004-04-27,19.2,19.37,19.1,19.16,16.0084,20300.0,0.0,1.0
2004-04-28,18.92,20.0,18.92,19.7,16.4596,44600.0,0.0,1.0
2004-04-29,20.03,20.03,19.1,19.2,16.0418,53100.0,0.0,1.0
2004-04-30,19.0,19.2,18.0,18.7,15.6755,30800.0,0.063,1.0
2004-05-03,18.21,18.75,18.0,18.5,15.5078,27900.0,0.0,1.0
2004-05-04,18.13,19.01,18.13,19.01,15.9353,57500.0,0.0,1.0
2004-05-05,18.88,19.87,18.71,19.87,16.6563,23000.0,0.0,1.0
2004-05-06,19.96,19.96,19.08,19.75,16.5557,23200.0,0.0,1.0
2004-05-07,19.35,19.59,19.1,19.54,16.3796,15200.0,0.0,1.0
2004-05-10,19.41,20.0,19.04,20.0,16.7652,95300.0,0.0,1.0
2004-05-11,19.99,20.4,19.6,19.9,16.6814,86000.0,0.0,1.0
2004-05-12,19.99,20.14,19.75,20.05,16.8071,52100.0,0.0,1.0
2004-05-13,20.08,20.39,19.94,20.05,16.8071,72400.0,0.0,1.0
2004-05-14,20.16,20.5,19.95,20.39,17.0921,46400.0,0.0,1.0
2004-05-17,20.49,21.39,20.06,20.59,17.2598,108800.0,0.0,1.0
2004-05-18,21.67,21.67,20.78,21.15,17.7292,95100.0,0.0,1.0
2004-05-19,21.3,21.97,20.89,21.06,17.6538,68000.0,0.0,1.0
2004-05-20,21.55,21.75,19.82,20.52,17.2011,41600.0,0.0,1.0
2004-05-21,21.03,21.03,20.75,20.88,17.5029,37600.0,0.0,1.0
2004-05-24,21.39,21.39,20.04,20.38,17.0838,43200.0,0.0,1.0
2004-05-25,20.3,20.75,19.73,20.73,17.3772,65400.0,0.0,1.0
2004-05-26,21.1,21.1,20.8,20.84,17.4694,63000.0,0.0,1.0
2004-05-27,20.92,21.0,19.88,20.25,16.9748,81100.0,0.0,1.0
2004-05-28,20.35,20.54,19.58,20.54,17.2179,22700.0,0.0,1.0
2004-06-01,19.43,20.97,19.43,20.6,17.2682,40300.0,0.0,1.0
2004-06-02,20.6,20.61,19.63,20.44,17.1341,32800.0,0.0,1.0
2004-06-03,20.59,21.36,19.97,20.89,17.5113,27100.0,0.0,1.0
2004-06-04,21.1,21.25,20.29,20.46,17.1508,32200.0,0.0,1.0
2004-06-07,20.29,20.76,20.29,20.5,17.1844,30100.0,0.0,1.0
2004-06-08,20.29,20.3,20.0,20.09,16.8407,15700.0,0.0,1.0
2004-06-09,20.09,20.34,19.9,19.99,16.7568,26400.0,0.0,1.0
2004-06-10,20.0,20.0,19.79,19.99,16.7568,11600.0,0.0,1.0
2004-06-14,19.1,20.0,18.5,20.0,16.7652,60700.0,0.0,1.0
2004-06-15,19.65,20.0,19.65,19.95,16.7233,12200.0,0.0,1.0
2004-06-16,19.81,20.0,19.81,20.0,16.7652,14800.0,0.0,1.0
2004-06-17,20.0,20.25,19.93,20.14,16.8826,40500.0,0.0,1.0
2004-06-18,20.06,20.35,19.94,19.94,16.7149,22900.0,0.0,1.0
2004-06-21,19.8,20.3,19.8,20.27,16.9916,16600.0,0.0,1.0
2004-06-22,20.26,20.3,19.93,20.25,16.9748,39500.0,0.0,1.0
2004-06-23,20.25,21.17,20.0,21.17,17.746,73500.0,0.0,1.0
2004-06-24,21.2,22.92,19.84,22.35,18.7351,128200.0,0.0,1.0
2004-06-25,22.1,22.48,21.41,22.46,18.8273,370000.0,0.0,1.0
2004-06-28,22.54,23.0,22.31,22.5,18.8609,70700.0,0.0,1.0
2004-06-29,23.11,23.75,22.06,22.66,18.995,45400.0,0.0,1.0
2004-06-30,23.01,23.01,22.46,22.79,19.104,31900.0,0.0,1.0
2004-07-01,22.99,23.0,22.52,22.75,19.0704,23000.0,0.0,1.0
2004-07-02,22.76,23.01,22.37,22.98,19.2632,36300.0,0.0,1.0
2004-07-06,23.1,23.1,22.58,22.81,19.1207,46300.0,0.0,1.0
2004-07-07,22.31,22.82,22.11,22.12,18.5423,39000.0,0.0,1.0
2004-07-08,21.86,22.34,20.24,20.46,17.1508,122800.0,0.0,1.0
2004-07-09,19.31,20.34,19.31,19.95,16.7233,71700.0,0.0,1.0
2004-07-12,19.44,19.8,18.71,19.47,16.3209,75500.0,0.0,1.0
2004-07-13,19.47,20.52,18.81,20.14,16.8826,20800.0,0.0,1.0
2004-07-14,20.12,20.6,19.27,19.42,16.279,35200.0,0.0,1.0
2004-07-15,19.45,21.0,19.38,20.66,17.3185,53400.0,0.0,1.0
2004-07-16,20.57,20.98,20.2,20.37,17.0754,15900.0,0.0,1.0
2004-07-19,20.8,22.05,20.8,21.9,18.3579,145700.0,0.0,1.0
2004-07-20,21.9,22.0,21.62,21.91,18.3663,44500.0,0.0,1.0
2004-07-21,22.0,22.14,21.12,21.5,18.0226,26100.0,0.0,1.0
2004-07-22,21.4,21.4,20.03,20.88,17.5029,38300.0,0.0,1.0
2004-07-23,21.58,21.81,20.57,20.83,17.461,52200.0,0.0,1.0
2004-07-26,21.72,22.1,20.69,21.39,17.9304,74200.0,0.0,1.0
2004-07-27,21.48,21.48,20.43,21.1,17.6873,19300.0,0.0,1.0
2004-07-28,16.22,18.65,15.5,17.3,14.5019,423000.0,0.0,1.0
2004-07-29,17.32,17.6,15.95,16.18,13.5631,161100.0,0.0,1.0
2004-07-30,16.25,16.79,15.16,16.43,13.7726,199000.0,0.0,1.0
2004-08-02,16.14,16.45,15.27,16.45,13.7894,77000.0,0.0,1.0
2004-08-03,16.5,16.88,16.03,16.72,14.0157,30100.0,0.0,1.0
2004-08-04,16.51,16.99,16.2,16.8,14.0828,49000.0,0.0,1.0
2004-08-05,16.7,17.02,16.24,16.61,13.9235,46300.0,0.0,1.0
2004-08-06,15.55,16.77,15.45,15.63,13.102,42900.0,0.0,1.0
2004-08-09,15.24,16.15,15.24,15.76,13.211,17600.0,0.0,1.0
2004-08-10,15.81,15.81,14.89,15.4,12.9092,73400.0,0.0,1.0
2004-08-11,13.62,16.0,13.62,15.68,13.1979,60200.0,0.063,1.0
2004-08-12,15.52,16.17,15.35,15.93,13.4084,48400.0,0.0,1.0
2004-08-13,15.63,16.57,15.51,15.59,13.1222,19200.0,0.0,1.0
2004-08-16,15.5,16.39,15.41,15.96,13.4336,17900.0,0.0,1.0
2004-08-17,16.45,16.45,14.81,15.12,12.7266,53200.0,0.0,1.0
2004-08-18,15.17,16.22,15.15,16.03,13.4925,31800.0,0.0,1.0
2004-08-19,16.49,16.49,15.66,15.89,13.3747,13500.0,0.0,1.0
2004-08-20,16.03,16.64,15.29,16.64,14.006,39700.0,0.0,1.0
2004-08-23,16.89,16.89,15.67,15.86,13.3494,40000.0,0.0,1.0
2004-08-24,15.71,16.36,15.71,16.01,13.4757,13000.0,0.0,1.0
2004-08-25,15.9,16.49,15.9,16.47,13.8629,21800.0,0.0,1.0
2004-08-26,16.35,16.35,15.44,15.87,13.3579,13700.0,0.0,1.0
2004-08-27,16.02,16.3,16.02,16.25,13.6777,23800.0,0.0,1.0
2004-08-30,15.86,16.21,15.34,15.81,13.3074,17400.0,0.0,1.0
2004-08-31,15.33,16.0,15.33,16.0,13.4673,15400.0,0.0,1.0
2004-09-01,16.15,16.72,15.25,15.91,13.3915,42800.0,0.0,1.0
2004-09-02,15.83,16.0,15.65,15.91,13.3915,32100.0,0.0,1.0
2004-09-03,16.38,17.06,15.44,17.06,14.3595,19400.0,0.0,1.0
2004-09-07,16.46,17.32,16.46,16.69,14.0481,55500.0,0.0,1.0
2004-09-08,16.92,16.92,16.23,16.29,13.7114,18500.0,0.0,1.0
2004-09-09,16.19,16.23,16.08,16.1,13.5514,85700.0,0.0,1.0
2004-09-10,16.47,16.6,15.87,16.06,13.5178,59500.0,0.0,1.0
2004-09-13,16.0,16.5,16.0,16.23,13.6609,21900.0,0.0,1.0
2004-09-14,16.51,16.51,15.62,15.9,13.3831,19600.0,0.0,1.0
2004-09-15,15.87,16.0,15.52,15.52,13.0633,18100.0,0.0,1.0
2004-09-16,15.66,15.92,15.58,15.74,13.2484,10000.0,0.0,1.0
2004-09-17,15.7,15.94,15.08,15.67,13.1895,36300.0,0.0,1.0
2004-09-20,15.05,16.39,15.05,15.67,13.1895,27900.0,0.0,1.0
2004-09-21,15.72,15.73,15.5,15.61,13.139,13000.0,0.0,1.0
2004-09-22,15.65,15.67,14.73,15.32,12.8949,62200.0,0.0,1.0
2004-09-23,15.02,15.58,14.95,15.12,12.7266,37000.0,0.0,1.0
2004-09-24,15.1,15.32,14.95,14.95,12.5835,69100.0,0.0,1.0
2004-09-27,15.15,15.15,14.9,14.92,12.5582,16200.0,0.0,1.0
2004-09-28,14.92,15.13,14.89,14.89,12.533,42700.0,0.0,1.0
2004-09-29,14.63,15.25,14.63,15.12,12.7266,41400.0,0.0,1.0
2004-09-30,14.88,15.09,14.85,14.85,12.4993,24800.0,0.0,1.0
2004-10-01,15.16,15.16,14.46,14.75,12.4151,19300.0,0.0,1.0
2004-10-04,14.79,15.0,14.75,14.98,12.6087,26400.0,0.0,1.0
2004-10-05,14.95,14.99,14.85,14.95,12.5835,39600.0,0.0,1.0
2004-10-06,14.99,14.99,14.84,14.95,12.5835,27700.0,0.0,1.0
2004-10-07,14.8,14.95,14.75,14.76,12.4236,21100.0,0.0,1.0
2004-10-08,14.78,14.85,14.0,14.54,12.2384,75300.0,0.0,1.0
2004-10-11,14.71,14.72,14.41,14.62,12.3057,25400.0,0.0,1.0
2004-10-12,14.53,14.65,14.33,14.54,12.2384,42800.0,0.0,1.0
2004-10-13,14.6,14.64,14.33,14.61,12.2973,20100.0,0.0,1.0
2004-10-14,14.32,14.61,14.32,14.46,12.1711,54800.0,0.0,1.0
2004-10-15,14.41,14.49,14.34,14.37,12.0953,29000.0,0.0,1.0
2004-10-18,14.32,14.41,14.3,14.35,12.0785,39900.0,0.0,1.0
2004-10-19,14.33,14.42,14.27,14.3,12.0364,16300.0,0.0,1.0
2004-10-20,14.37,14.42,14.21,14.41,12.129,36300.0,0.0,1.0
2004-10-21,14.39,14.54,14.25,14.45,12.1626,13000.0,0.0,1.0
2004-10-22,14.16,14.65,13.68,14.15,11.9101,40900.0,0.0,1.0
2004-10-25,14.01,14.01,13.75,13.96,11.7502,32900.0,0.0,1.0
2004-10-26,13.7,14.08,13.7,14.08,11.8512,9700.0,0.0,1.0
2004-10-27,13.53,14.12,13.5,13.8,11.6155,32500.0,0.0,1.0
2004-10-28,13.31,14.86,13.31,14.3,12.0364,37300.0,0.0,1.0
2004-10-29,13.96,14.19,13.32,13.93,11.7249,38100.0,0.0,1.0
2004-11-01,14.02,14.45,13.71,13.87,11.6744,12100.0,0.0,1.0
2004-11-02,13.09,14.59,12.54,12.8,10.7738,73100.0,0.0,1.0
2004-11-03,10.48,11.97,9.93,11.74,9.8816,385500.0,0.0,1.0
2004-11-04,11.8,13.02,11.49,12.79,10.8235,64700.0,0.063,1.0
2004-11-05,12.76,13.0,12.75,12.75,10.7896,43900.0,0.0,1.0
2004-11-08,12.91,12.92,12.51,12.7,10.7473,80200.0,0.0,1.0
2004-11-09,12.49,12.63,12.44,12.55,10.6204,89600.0,0.0,1.0
2004-11-10,12.51,12.8,12.09,12.52,10.595,129000.0,0.0,1.0
2004-11-11,12.2,13.21,12.2,13.17,11.1451,87300.0,0.0,1.0
2004-11-12,13.37,13.72,13.0,13.72,11.6105,9800.0,0.0,1.0
2004-11-15,13.8,13.86,13.15,13.36,11.3058,42200.0,0.0,1.0
2004-11-16,13.54,13.76,13.26,13.43,11.3651,17000.0,0.0,1.0
2004-11-17,13.11,13.48,13.0,13.37,11.3143,99600.0,0.0,1.0
2004-11-18,13.47,13.56,13.15,13.15,11.1281,45300.0,0.0,1.0
2004-11-19,12.89,13.28,12.89,13.25,11.2128,103900.0,0.0,1.0
2004-11-22,13.52,13.9,13.29,13.89,11.7544,20700.0,0.0,1.0
2004-11-23,13.9,13.9,13.22,13.62,11.5259,15500.0,0.0,1.0
2004-11-24,13.39,13.75,13.25,13.52,11.4412,18200.0,0.0,1.0
2004-11-26,13.26,13.59,13.25,13.33,11.2805,3700.0,0.0,1.0
2004-11-29,13.74,13.85,13.25,13.81,11.6867,16400.0,0.0,1.0
2004-11-30,13.3,13.9,13.3,13.59,11.5005,10500.0,0.0,1.0
2004-12-01,13.93,14.34,13.46,13.84,11.712,12800.0,0.0,1.0
2004-12-02,14.09,14.27,13.97,14.17,11.9913,19800.0,0.0,1.0
2004-12-03,14.22,14.33,14.0,14.0,11.8474,13800.0,0.0,1.0
2004-12-06,13.66,14.29,13.55,13.55,11.4666,11300.0,0.0,1.0
2004-12-07,13.74,14.67,13.16,13.49,11.4159,29300.0,0.0,1.0
2004-12-08,13.67,14.5,13.61,14.0,11.8474,12100.0,0.0,1.0
2004-12-09,14.0,14.15,14.0,14.14,11.9659,7600.0,0.0,1.0
2004-12-10,13.65,14.42,13.65,14.37,12.1606,10400.0,0.0,1.0
2004-12-13,14.42,14.6,14.18,14.6,12.3552,12600.0,0.0,1.0
2004-12-14,14.51,14.7,14.46,14.69,12.4313,5700.0,0.0,1.0
2004-12-15,14.5,14.69,14.5,14.6,12.3552,14500.0,0.0,1.0
2004-12-16,14.18,14.65,14.18,14.5,12.2706,9200.0,0.0,1.0
2004-12-17,14.28,14.56,14.28,14.49,12.2621,13100.0,0.0,1.0
2004-12-20,14.85,14.85,14.16,14.3,12.1013,100000.0,0.0,1.0
2004-12-21,14.83,15.6,14.83,15.34,12.9814,52100.0,0.0,1.0
2004-12-22,15.28,15.48,15.15,15.48,13.0999,20000.0,0.0,1.0
2004-12-23,15.69,15.79,15.59,15.66,13.2522,11800.0,0.0,1.0
2004-12-27,15.98,16.0,15.78,15.82,13.3876,11900.0,0.0,1.0
2004-12-28,15.62,15.69,15.5,15.68,13.2691,7400.0,0.0,1.0
2004-12-29,15.5,15.76,15.5,15.58,13.1845,15400.0,0.0,1.0
2004-12-30,15.56,15.6,15.14,15.24,12.8968,9500.0,0.0,1.0
2004-12-31,15.3,16.06,15.3,15.9,13.4553,45800.0,0.0,1.0
2005-01-03,15.81,15.99,15.7,15.83,13.3961,24000.0,0.0,1.0
2005-01-04,15.8,15.8,15.5,15.59,13.193,31000.0,0.0,1.0
2005-01-05,15.02,15.82,15.02,15.66,13.2522,35900.0,0.0,1.0
2005-01-06,15.82,15.82,15.39,15.5,13.1168,14300.0,0.0,1.0
2005-01-07,15.5,15.64,15.46,15.64,13.2353,13200.0,0.0,1.0
2005-01-10,15.5,15.75,15.5,15.59,13.193,22000.0,0.0,1.0
2005-01-11,15.47,15.68,15.38,15.68,13.2691,28700.0,0.0,1.0
2005-01-12,15.5,15.71,15.31,15.71,13.2945,11300.0,0.0,1.0
2005-01-13,15.74,15.94,15.51,15.85,13.413,25100.0,0.0,1.0
2005-01-14,16.11,16.31,15.99,16.21,13.7176,27900.0,0.0,1.0
2005-01-18,15.87,16.2,15.87,16.2,13.7092,22900.0,0.0,1.0
2005-01-19,16.31,16.31,15.21,15.35,12.9899,26700.0,0.0,1.0
2005-01-20,15.74,15.74,14.73,15.15,12.8206,23400.0,0.0,1.0
2005-01-21,15.36,15.36,14.75,15.03,12.7191,20200.0,0.0,1.0
2005-01-24,14.72,15.0,14.72,14.89,12.6006,8700.0,0.0,1.0
2005-01-25,14.6,15.0,14.6,14.78,12.5075,20100.0,0.0,1.0
2005-01-26,14.94,14.94,14.75,14.86,12.5752,38600.0,0.0,1.0
2005-01-27,14.89,14.94,14.83,14.89,12.6006,36700.0,0.0,1.0
2005-01-28,14.9,15.07,14.71,14.75,12.4821,12800.0,0.0,1.0
2005-01-31,14.56,15.22,14.56,15.15,12.8206,24500.0,0.0,1.0
2005-02-01,14.77,16.32,14.75,15.95,13.4976,28300.0,0.0,1.0
2005-02-02,15.5,15.91,15.33,15.91,13.5172,24500.0,0.063,1.0
2005-02-03,15.65,16.46,15.49,16.28,13.8315,23100.0,0.0,1.0
2005-02-04,15.88,16.55,15.88,16.55,14.0609,9700.0,0.0,1.0
2005-02-07,15.97,16.69,15.97,16.69,14.1799,17100.0,0.0,1.0
2005-02-08,16.25,17.33,16.25,17.19,14.6046,42800.0,0.0,1.0
2005-02-09,16.86,17.27,16.86,16.94,14.3922,23800.0,0.0,1.0
2005-02-10,16.85,16.93,16.85,16.85,14.3158,2600.0,0.0,1.0
2005-02-11,16.85,17.08,16.85,17.01,14.4517,22200.0,0.0,1.0
2005-02-14,16.7,16.96,16.7,16.92,14.3753,11200.0,0.0,1.0
2005-02-15,16.99,16.99,16.45,16.45,13.9759,4700.0,0.0,1.0
2005-02-16,16.77,17.2,16.69,16.95,14.4008,14500.0,0.0,1.0
2005-02-17,17.09,17.09,16.83,16.86,14.3243,5800.0,0.0,1.0
2005-02-18,16.95,16.95,16.36,16.68,14.1714,15500.0,0.0,1.0
2005-02-22,16.42,16.59,16.33,16.4,13.9335,24400.0,0.0,1.0
2005-02-23,16.27,16.59,16.15,16.15,13.7211,10900.0,0.0,1.0
2005-02-24,16.31,16.46,16.3,16.31,13.857,6100.0,0.0,1.0
2005-02-25,16.34,16.35,16.04,16.35,13.891,12900.0,0.0,1.0
2005-02-28,15.97,16.09,15.06,15.45,13.1263,22300.0,0.0,1.0
2005-03-01,15.38,15.95,15.32,15.59,13.2453,35400.0,0.0,1.0
2005-03-02,15.2,15.91,15.2,15.85,13.4662,15900.0,0.0,1.0
2005-03-03,15.5,16.05,15.5,15.95,13.5511,21900.0,0.0,1.0
2005-03-04,16.31,16.31,16.02,16.21,13.772,18000.0,0.0,1.0
2005-03-07,15.88,16.24,15.88,16.08,13.6616,12000.0,0.0,1.0
2005-03-08,15.94,16.08,15.94,16.0,13.5936,7800.0,0.0,1.0
2005-03-09,15.8,15.89,15.68,15.74,13.3727,10800.0,0.0,1.0
2005-03-10,15.6,16.0,15.6,15.96,13.5596,13800.0,0.0,1.0
2005-03-11,16.02,16.02,15.49,15.7,13.3387,16600.0,0.0,1.0
2005-03-14,15.69,17.15,15.69,16.8,14.2733,23500.0,0.0,1.0
2005-03-15,17.12,17.16,16.71,16.95,14.4008,23500.0,0.0,1.0
2005-03-16,17.17,17.17,16.94,17.04,14.4772,9400.0,0.0,1.0
2005-03-17,16.7,16.96,16.63,16.96,14.4092,6400.0,0.0,1.0
2005-03-18,17.25,17.26,16.56,17.15,14.5707,79500.0,0.0,1.0
2005-03-21,17.37,17.62,16.84,17.34,14.7321,14300.0,0.0,1.0
2005-03-22,17.3,17.3,16.26,16.26,13.8145,8600.0,0.0,1.0
2005-03-23,16.25,16.55,16.0,16.0,13.5936,14100.0,0.0,1.0
2005-03-24,16.0,16.16,15.78,16.0,13.5936,4300.0,0.0,1.0
2005-03-28,16.14,16.18,15.83,15.83,13.4492,17200.0,0.0,1.0
2005-03-29,15.81,15.88,15.4,15.55,13.2113,16400.0,0.0,1.0
2005-03-30,15.25,15.65,15.25,15.53,13.1943,53300.0,0.0,1.0
2005-03-31,15.63,15.8,15.3,15.49,13.1603,15000.0,0.0,1.0
2005-04-01,15.82,16.3,15.34,15.53,13.1943,25300.0,0.0,1.0
2005-04-04,15.45,15.55,15.29,15.33,13.0244,16200.0,0.0,1.0
2005-04-05,15.31,15.49,14.78,15.3,12.9989,12200.0,0.0,1.0
2005-04-06,15.59,15.9,15.06,15.26,12.9649,13100.0,0.0,1.0
2005-04-07,15.11,15.8,15.08,15.22,12.9309,12100.0,0.0,1.0
2005-04-08,14.87,15.16,14.8,15.0,12.744,14900.0,0.0,1.0
2005-04-11,15.0,15.01,14.53,14.55,12.3617,16700.0,0.0,1.0
2005-04-12,14.35,15.75,14.35,15.72,13.3557,69600.0,0.0,1.0
2005-04-13,15.85,16.0,14.99,15.6,13.2538,23300.0,0.0,1.0
2005-04-14,15.42,15.44,14.77,14.97,12.7185,23000.0,0.0,1.0
2005-04-15,15.19,15.22,14.72,14.82,12.5911,13800.0,0.0,1.0
2005-04-18,14.44,15.16,14.44,15.16,12.88,13500.0,0.0,1.0
2005-04-19,15.1,15.63,15.04,15.5,13.1688,54100.0,0.0,1.0
2005-04-20,15.17,16.64,15.03,15.92,13.5257,132200.0,0.0,1.0
2005-04-21,16.28,16.67,16.06,16.5,14.0184,65800.0,0.0,1.0
2005-04-22,16.29,16.42,16.01,16.25,13.806,32900.0,0.0,1.0
2005-04-25,16.05,16.26,15.83,16.17,13.7381,12000.0,0.0,1.0
2005-04-26,16.17,16.4,16.02,16.29,13.84,12100.0,0.0,1.0
2005-04-27,15.82,16.34,15.69,16.12,13.6956,31500.0,0.0,1.0
2005-04-28,15.7,17.22,15.69,16.63,14.1289,54900.0,0.0,1.0
2005-04-29,16.51,16.99,16.39,16.86,14.3243,39200.0,0.0,1.0
2005-05-02,16.78,17.02,16.45,16.71,14.1968,32100.0,0.0,1.0
2005-05-03,16.5,17.11,16.24,16.74,14.2223,52200.0,0.0,1.0
2005-05-04,16.51,17.79,16.51,17.37,14.8133,60100.0,0.063,1.0
2005-05-05,17.96,17.96,16.73,17.44,14.873,47200.0,0.0,1.0
2005-05-06,17.57,17.99,16.83,17.49,14.9157,92500.0,0.0,1.0
2005-05-09,17.17,17.92,16.85,17.92,15.2824,30500.0,0.0,1.0
2005-05-10,17.48,17.84,16.86,17.36,14.8048,39400.0,0.0,1.0
2005-05-11,17.57,17.58,17.22,17.49,14.9157,21700.0,0.0,1.0
2005-05-12,17.52,17.6,16.98,17.01,14.5063,6300.0,0.0,1.0
2005-05-13,17.22,17.5,16.71,17.2,14.6684,23100.0,0.0,1.0
2005-05-16,17.2,17.49,17.19,17.39,14.8304,10200.0,0.0,1.0
2005-05-17,17.16,17.34,17.12,17.29,14.7451,8000.0,0.0,1.0
2005-05-18,17.32,17.6,17.25,17.36,14.8048,21900.0,0.0,1.0
2005-05-19,16.88,17.33,15.78,17.22,14.6854,6500.0,0.0,1.0
2005-05-20,17.21,17.31,17.13,17.15,14.6257,4400.0,0.0,1.0
2005-05-23,17.0,17.53,16.8,17.33,14.7792,73100.0,0.0,1.0
2005-05-24,17.45,17.5,17.28,17.45,14.8816,7200.0,0.0,1.0
2005-05-25,16.89,17.45,16.89,17.13,14.6087,4400.0,0.0,1.0
2005-05-26,17.18,17.44,17.18,17.27,14.7281,6900.0,0.0,1.0
2005-05-27,17.4,17.54,17.26,17.31,14.7622,56800.0,0.0,1.0
2005-05-31,17.54,17.54,16.67,17.06,14.549,15200.0,0.0,1.0
2005-06-01,17.43,18.49,17.28,17.92,15.2824,28300.0,0.0,1.0
2005-06-02,17.5,17.85,17.21,17.62,15.0265,11000.0,0.0,1.0
2005-06-03,17.35,17.84,17.1,17.34,14.7877,3700.0,0.0,1.0
2005-06-06,17.25,17.3,17.03,17.23,14.6939,4500.0,0.0,1.0
2005-06-07,17.62,17.97,16.5,16.95,14.4551,23800.0,0.0,1.0
2005-06-08,17.01,17.59,17.01,17.18,14.6513,9400.0,0.0,1.0
2005-06-09,17.38,17.49,17.09,17.47,14.8986,4300.0,0.0,1.0
2005-06-10,17.59,18.2,17.52,17.86,15.2312,3600.0,0.0,1.0
2005-06-13,18.28,18.28,17.86,17.94,15.2994,11000.0,0.0,1.0
2005-06-14,17.72,17.98,17.7,17.86,15.2312,5500.0,0.0,1.0
2005-06-15,17.48,17.83,17.48,17.8,15.18,17500.0,0.0,1.0
2005-06-16,18.09,18.38,17.43,17.59,15.0009,79800.0,0.0,1.0
2005-06-17,17.45,18.71,17.45,17.85,15.2227,163900.0,0.0,1.0
2005-06-20,17.63,18.63,17.41,17.85,15.2227,31600.0,0.0,1.0
2005-06-21,18.2,18.2,17.8,18.15,15.4785,43900.0,0.0,1.0
2005-06-22,17.89,18.27,17.8,18.15,15.4785,36000.0,0.0,1.0
2005-06-23,18.0,18.34,18.0,18.15,15.4785,11200.0,0.0,1.0
2005-06-24,18.61,18.61,18.08,18.3,15.6064,43700.0,0.0,1.0
2005-06-27,18.3,18.44,18.1,18.1,15.4359,12100.0,0.0,1.0
2005-06-28,18.41,19.35,18.03,19.29,16.4507,11400.0,0.0,1.0
2005-06-29,19.42,19.88,19.28,19.74,16.8345,5300.0,0.0,1.0
2005-06-30,19.65,19.82,19.53,19.53,16.6554,7300.0,0.0,1.0
2005-07-01,19.55,19.98,19.55,19.98,17.0392,17600.0,0.0,1.0
2005-07-05,19.98,20.65,19.38,20.65,17.6106,22500.0,0.0,1.0
2005-07-06,20.74,20.76,19.98,20.0,17.0562,13300.0,0.0,1.0
2005-07-07,19.45,20.47,19.45,20.2,17.2268,9800.0,0.0,1.0
2005-07-08,19.84,21.38,19.84,21.25,18.1222,22800.0,0.0,1.0
2005-07-11,21.0,22.67,21.0,22.39,19.0944,125800.0,0.0,1.0
2005-07-12,22.49,22.59,21.98,22.0,18.7618,20000.0,0.0,1.0
2005-07-13,22.2,22.65,22.12,22.57,19.2479,20800.0,0.0,1.0
2005-07-14,22.5,22.79,22.15,22.43,19.1286,74400.0,0.0,1.0
2005-07-15,22.0,22.7,22.0,22.7,19.3588,11400.0,0.0,1.0
2005-07-18,22.0,22.61,22.0,22.08,18.8301,37800.0,0.0,1.0
2005-07-19,21.91,22.5,21.91,22.39,19.0944,17900.0,0.0,1.0
2005-07-20,22.28,22.5,21.9,22.31,19.0262,21800.0,0.0,1.0
2005-07-21,22.47,22.47,21.86,21.9,18.6766,36700.0,0.0,1.0
2005-07-22,22.19,22.31,21.93,22.28,19.0006,13800.0,0.0,1.0
2005-07-25,22.36,22.41,22.17,22.17,18.9068,6000.0,0.0,1.0
2005-07-26,22.0,22.08,21.85,22.05,18.8045,10000.0,0.0,1.0
2005-07-27,22.1,22.29,22.1,22.19,18.9239,2200.0,0.0,1.0
2005-07-28,22.42,22.46,22.05,22.4,19.103,3200.0,0.0,1.0
2005-07-29,22.46,22.59,22.05,22.51,19.1968,8800.0,0.0,1.0
2005-08-01,22.4,25.0,22.4,23.56,20.0922,51500.0,0.0,1.0
2005-08-02,23.87,24.47,23.75,23.99,20.4589,42400.0,0.0,1.0
2005-08-03,24.73,25.06,21.83,22.3,19.0678,113200.0,0.063,1.0
2005-08-04,22.41,22.72,21.98,22.0,18.8112,19400.0,0.0,1.0
2005-08-05,21.97,22.18,21.61,22.07,18.8711,135600.0,0.0,1.0
2005-08-08,22.33,23.02,22.26,22.65,19.367,40000.0,0.0,1.0
2005-08-09,23.04,23.09,22.01,22.3,19.0678,28900.0,0.0,1.0
2005-08-10,22.53,22.53,21.36,21.74,18.5889,15800.0,0.0,1.0
2005-08-11,21.58,22.44,20.9,22.41,19.1618,18900.0,0.0,1.0
2005-08-12,22.5,22.5,20.84,21.07,18.016,16900.0,0.0,1.0
2005-08-15,20.82,22.2,20.37,21.75,18.5975,42300.0,0.0,1.0
2005-08-16,21.5,21.51,20.36,20.36,17.409,29700.0,0.0,1.0
2005-08-17,20.85,21.2,20.29,20.91,17.8792,51800.0,0.0,1.0
2005-08-18,21.17,21.3,20.1,20.93,17.8963,18000.0,0.0,1.0
2005-08-19,20.92,21.15,20.85,20.9,17.8707,18700.0,0.0,1.0
2005-08-22,20.85,21.82,20.85,21.75,18.5975,42700.0,0.0,1.0
2005-08-23,21.75,21.8,21.25,21.72,18.5718,28500.0,0.0,1.0
2005-08-24,21.6,21.98,21.58,21.7,18.5547,47300.0,0.0,1.0
2005-08-25,21.5,21.96,21.5,21.63,18.4949,28100.0,0.0,1.0
2005-08-26,21.83,21.85,21.3,21.5,18.3837,30900.0,0.0,1.0
2005-08-29,21.5,22.0,21.5,22.0,18.8112,30400.0,0.0,1.0
2005-08-30,22.0,22.0,21.61,21.71,18.5633,11400.0,0.0,1.0
2005-08-31,21.9,22.17,21.9,22.11,18.9053,67400.0,0.0,1.0
2005-09-01,22.15,22.15,21.78,22.05,18.854,20400.0,0.0,1.0
2005-09-02,22.07,22.07,21.68,21.68,18.5376,7800.0,0.0,1.0
2005-09-06,21.6,22.07,21.6,22.07,18.8711,18200.0,0.0,1.0
2005-09-07,22.0,22.07,21.88,22.07,18.8711,12900.0,0.0,1.0
2005-09-08,21.83,22.97,21.83,22.48,19.2217,35800.0,0.0,1.0
2005-09-09,22.75,22.79,22.56,22.61,19.3328,8000.0,0.0,1.0
2005-09-12,22.8,22.8,22.45,22.58,19.3072,12700.0,0.0,1.0
2005-09-13,22.69,24.4,22.69,23.75,20.3076,102200.0,0.0,1.0
2005-09-14,23.84,24.03,23.21,23.41,20.0169,41600.0,0.0,1.0
2005-09-15,23.8,24.88,23.8,24.01,20.5299,56000.0,0.0,1.0
2005-09-16,24.2,24.74,24.16,24.42,20.8805,53700.0,0.0,1.0
2005-09-19,24.6,24.74,23.89,24.17,20.6667,31300.0,0.0,1.0
2005-09-20,24.07,24.98,24.07,24.54,20.9831,29400.0,0.0,1.0
2005-09-21,24.51,24.63,24.25,24.55,20.9916,21900.0,0.0,1.0
2005-09-22,24.58,24.85,23.96,23.96,20.4872,20600.0,0.0,1.0
2005-09-23,23.97,24.28,23.74,23.78,20.3332,55300.0,0.0,1.0
2005-09-26,23.9,24.29,23.8,23.9,20.4359,167200.0,0.0,1.0
2005-09-27,23.98,24.0,23.15,24.0,20.5214,15000.0,0.0,1.0
2005-09-28,24.0,24.77,24.0,24.37,20.8377,34500.0,0.0,1.0
2005-09-29,24.6,27.0,24.6,27.0,23.0865,113400.0,0.0,1.0
2005-09-30,26.68,26.84,26.4,26.84,22.9497,35300.0,0.0,1.0
2005-10-03,26.85,27.1,26.38,26.5,22.659,31900.0,0.0,1.0
2005-10-04,26.43,26.74,26.11,26.5,22.659,45300.0,0.0,1.0
2005-10-05,26.67,26.67,25.45,25.81,22.069,102200.0,0.0,1.0
2005-10-06,26.1,26.3,21.02,22.14,18.931,173200.0,0.0,1.0
2005-10-07,21.91,22.92,21.91,22.77,19.4696,53300.0,0.0,1.0
2005-10-10,23.03,23.14,22.15,22.41,19.1618,30200.0,0.0,1.0
2005-10-11,22.3,23.19,22.3,22.7,19.4098,40100.0,0.0,1.0
2005-10-12,22.53,22.56,21.23,22.08,18.8797,33700.0,0.0,1.0
2005-10-13,22.08,22.51,21.0,22.45,19.196,17500.0,0.0,1.0
2005-10-14,22.74,23.57,21.78,23.4,20.0083,23100.0,0.0,1.0
2005-10-17,23.52,24.88,23.5,24.23,20.718,38600.0,0.0,1.0
2005-10-18,24.23,24.23,22.49,22.83,19.5209,15800.0,0.0,1.0
2005-10-19,22.46,23.64,22.25,23.64,20.2135,10900.0,0.0,1.0
2005-10-20,23.65,23.65,22.11,22.11,18.9053,12900.0,0.0,1.0
2005-10-21,21.95,22.81,21.47,22.47,19.2131,14100.0,0.0,1.0
2005-10-24,22.82,23.15,22.32,23.1,19.7518,14900.0,0.0,1.0
2005-10-25,23.24,23.27,22.65,22.79,19.4867,1800.0,0.0,1.0
2005-10-26,22.9,23.32,22.13,22.54,19.273,23000.0,0.0,1.0
2005-10-27,22.43,23.14,21.98,21.98,18.7941,30400.0,0.0,1.0
2005-10-28,22.0,23.07,22.0,22.45,19.196,33200.0,0.0,1.0
2005-10-31,22.74,23.48,22.13,23.38,19.9912,16100.0,0.0,1.0
2005-11-01,23.1,23.53,22.29,23.49,20.0853,25400.0,0.0,1.0
2005-11-02,23.52,25.78,23.52,25.09,21.5111,30800.0,0.063,1.0
2005-11-03,25.88,26.08,24.17,24.42,20.9366,47300.0,0.0,1.0
2005-11-04,24.9,24.92,24.54,24.67,21.151,10700.0,0.0,1.0
2005-11-07,24.95,25.09,24.68,24.85,21.3053,18600.0,0.0,1.0
2005-11-08,24.6,25.34,24.37,24.98,21.4168,34900.0,0.0,1.0
2005-11-09,25.0,25.2,24.76,25.03,21.4596,65000.0,0.0,1.0
2005-11-10,25.21,26.25,25.16,25.99,22.2827,39200.0,0.0,1.0
2005-11-11,25.8,26.94,25.8,26.61,22.8142,98700.0,0.0,1.0
2005-11-14,26.62,27.36,25.52,25.98,22.2741,62300.0,0.0,1.0
2005-11-15,26.06,26.06,23.85,24.38,20.9023,120900.0,0.0,1.0
2005-11-16,23.88,23.99,22.71,23.23,19.9164,138100.0,0.0,1.0
2005-11-17,22.62,23.5,22.62,22.86,19.5992,153100.0,0.0,1.0
2005-11-18,21.51,22.0,21.4,21.5,18.4332,1679200.0,0.0,1.0
2005-11-21,21.73,21.85,21.55,21.72,18.6218,335000.0,0.0,1.0
2005-11-22,21.77,22.94,21.72,22.63,19.402,261100.0,0.0,1.0
2005-11-23,22.63,22.72,21.72,22.72,19.4791,199900.0,0.0,1.0
2005-11-25,22.99,22.99,22.31,22.81,19.5563,29200.0,0.0,1.0
2005-11-28,22.7,22.7,21.75,22.13,18.9733,101500.0,0.0,1.0
2005-11-29,22.11,22.49,21.83,21.86,18.7418,81500.0,0.0,1.0
2005-11-30,22.15,22.41,21.58,21.76,18.6561,141100.0,0.0,1.0
2005-12-01,21.89,22.2,21.7,22.13,18.9733,110800.0,0.0,1.0
2005-12-02,21.61,21.99,21.57,21.9,18.7761,99200.0,0.0,1.0
2005-12-05,21.74,21.9,21.4,21.55,18.476,99300.0,0.0,1.0
2005-12-06,21.63,21.63,21.1,21.13,18.1159,113600.0,0.0,1.0
2005-12-07,21.1,21.1,20.51,20.78,17.8159,125700.0,0.0,1.0
2005-12-08,20.71,20.89,20.41,20.89,17.9102,149900.0,0.0,1.0
2005-12-09,20.8,20.93,20.42,20.45,17.5329,65900.0,0.0,1.0
2005-12-12,20.55,20.68,20.06,20.5,17.5758,75700.0,0.0,1.0
2005-12-13,20.35,20.57,19.53,20.03,17.1728,107600.0,0.0,1.0
2005-12-14,19.91,21.02,19.91,20.42,17.5072,73200.0,0.0,1.0
2005-12-15,20.41,20.81,20.4,20.51,17.5844,132400.0,0.0,1.0
2005-12-16,20.56,20.65,19.58,20.38,17.4729,139900.0,0.0,1.0
2005-12-19,19.97,20.37,19.65,19.95,17.1043,103600.0,0.0,1.0
2005-12-20,20.0,20.0,19.73,19.75,16.9328,42200.0,0.0,1.0
2005-12-21,19.75,20.34,19.7,20.1,17.2329,67200.0,0.0,1.0
2005-12-22,20.0,20.33,19.7,20.33,17.4301,54300.0,0.0,1.0
2005-12-23,20.35,20.85,20.35,20.47,17.5501,82800.0,0.0,1.0
2005-12-27,20.69,20.69,20.22,20.5,17.5758,68100.0,0.0,1.0
2005-12-28,20.21,20.76,20.21,20.68,17.7301,65200.0,0.0,1.0
2005-12-29,20.68,20.89,20.52,20.72,17.7644,52100.0,0.0,1.0
2005-12-30,20.69,20.75,20.45,20.67,17.7216,73400.0,0.0,1.0
2006-01-03,20.91,21.4,20.59,20.97,17.9788,101900.0,0.0,1.0
2006-01-04,21.12,21.89,20.86,21.53,18.4589,264300.0,0.0,1.0
2006-01-05,21.75,21.85,21.32,21.8,18.6904,95100.0,0.0,1.0
2006-01-06,21.95,22.05,21.63,21.94,18.8104,146600.0,0.0,1.0
2006-01-09,21.92,22.17,21.92,22.04,18.8961,49400.0,0.0,1.0
2006-01-10,22.24,22.45,21.87,22.33,19.1448,71400.0,0.0,1.0
2006-01-11,22.48,22.53,22.34,22.5,19.2905,60800.0,0.0,1.0
2006-01-12,22.55,22.55,22.11,22.43,19.2305,84700.0,0.0,1.0
2006-01-13,22.28,22.51,22.1,22.46,19.2562,53600.0,0.0,1.0
2006-01-17,22.3,22.45,21.25,22.0,18.8618,82100.0,0.0,1.0
2006-01-18,21.6,22.2,21.54,22.01,18.8704,79400.0,0.0,1.0
2006-01-19,21.99,22.1,21.82,21.94,18.8104,113200.0,0.0,1.0
2006-01-20,22.1,22.31,21.8,22.17,19.0076,51700.0,0.0,1.0
2006-01-23,22.17,22.17,21.91,22.01,18.8704,99200.0,0.0,1.0
2006-01-24,22.0,22.14,21.85,22.0,18.8618,60200.0,0.0,1.0
2006-01-25,22.0,22.12,21.78,22.04,18.8961,58000.0,0.0,1.0
2006-01-26,22.15,22.15,21.75,21.83,18.7161,75200.0,0.0,1.0
2006-01-27,22.03,22.03,21.5,21.75,18.6475,66900.0,0.0,1.0
2006-01-30,21.8,21.8,21.09,21.41,18.356,108300.0,0.0,1.0
2006-01-31,21.82,22.23,21.76,21.85,18.7332,249200.0,0.0,1.0
2006-02-01,21.87,23.5,21.84,23.02,19.7363,228400.0,0.0,1.0
2006-02-02,23.0,23.28,22.35,22.8,19.5477,66500.0,0.0,1.0
2006-02-03,22.69,22.85,22.42,22.72,19.4791,34400.0,0.0,1.0
2006-02-06,22.79,22.8,22.53,22.66,19.4277,189300.0,0.0,1.0
2006-02-07,22.55,22.8,22.5,22.67,19.4363,42400.0,0.0,1.0
2006-02-08,22.7,22.7,22.36,22.43,19.2305,58100.0,0.0,1.0
2006-02-09,22.5,23.09,22.5,22.66,19.4277,100300.0,0.0,1.0
2006-02-10,22.78,22.79,21.55,22.41,19.2133,67900.0,0.0,1.0
2006-02-13,22.36,23.01,22.0,22.34,19.1533,29600.0,0.0,1.0
2006-02-14,22.49,22.85,22.2,22.35,19.1619,45900.0,0.0,1.0
2006-02-15,22.4,22.8,22.25,22.66,19.4277,43400.0,0.0,1.0
2006-02-16,22.32,22.95,22.12,22.68,19.4448,38600.0,0.0,1.0
2006-02-17,22.8,22.98,22.41,22.86,19.6537,84400.0,0.063,1.0
2006-02-21,22.86,23.36,22.57,22.77,19.5764,49800.0,0.0,1.0
2006-02-22,23.07,23.08,22.1,22.43,19.2841,105200.0,0.0,1.0
2006-02-23,22.43,22.48,21.94,22.04,18.9488,46600.0,0.0,1.0
2006-02-24,22.21,22.27,22.0,22.03,18.9402,42500.0,0.0,1.0
2006-02-27,22.23,22.46,22.04,22.4,19.2583,23900.0,0.0,1.0
2006-02-28,22.5,22.89,22.29,22.58,19.413,52600.0,0.0,1.0
2006-03-01,22.79,22.95,22.32,22.89,19.6795,74700.0,0.0,1.0
2006-03-02,22.95,23.41,22.57,23.28,20.0149,82400.0,0.0,1.0
2006-03-03,23.32,23.4,22.58,22.9,19.6881,40200.0,0.0,1.0
2006-03-06,23.08,23.23,22.76,23.01,19.7827,60800.0,0.0,1.0
2006-03-07,22.9,23.15,22.79,22.94,19.7225,100600.0,0.0,1.0
2006-03-08,22.9,23.38,22.86,23.17,19.9203,77800.0,0.0,1.0
2006-03-09,23.69,23.76,23.33,23.73,20.4017,167200.0,0.0,1.0
2006-03-10,23.97,25.0,23.96,24.54,21.0981,200500.0,0.0,1.0
2006-03-13,24.84,25.17,24.58,25.14,21.614,123300.0,0.0,1.0
2006-03-14,25.02,26.15,25.02,26.11,22.4479,93200.0,0.0,1.0
2006-03-15,26.11,26.58,26.05,26.46,22.7488,58300.0,0.0,1.0
2006-03-16,26.5,26.59,26.25,26.59,22.8606,35600.0,0.0,1.0
2006-03-17,26.59,26.59,26.0,26.31,22.6199,143200.0,0.0,1.0
2006-03-20,26.05,26.13,25.16,25.72,22.1126,87100.0,0.0,1.0
2006-03-21,26.12,26.34,25.57,26.12,22.4565,55700.0,0.0,1.0
2006-03-22,26.14,26.19,25.66,26.01,22.3619,51900.0,0.0,1.0
2006-03-23,26.0,26.24,25.75,26.11,22.4479,41900.0,0.0,1.0
2006-03-24,26.03,26.48,25.57,26.25,22.5683,27700.0,0.0,1.0
2006-03-27,26.16,26.9,26.16,26.47,22.7574,62900.0,0.0,1.0
2006-03-28,26.51,26.87,26.26,26.74,22.9896,62100.0,0.0,1.0
2006-03-29,26.88,27.68,26.67,27.49,23.6344,82200.0,0.0,1.0
2006-03-30,27.5,27.8,27.36,27.52,23.6602,65100.0,0.0,1.0
2006-03-31,27.55,28.23,27.55,28.19,24.2362,119200.0,0.0,1.0
2006-04-03,28.26,28.27,27.95,28.07,24.133,68300.0,0.0,1.0
2006-04-04,28.0,28.2,27.74,27.75,23.8579,45000.0,0.0,1.0
2006-04-05,27.73,28.2,27.73,27.99,24.0642,63200.0,0.0,1.0
2006-04-06,27.98,28.27,27.7,28.21,24.2534,70200.0,0.0,1.0
2006-04-07,28.23,28.88,28.23,28.51,24.5113,50800.0,0.0,1.0
2006-04-10,28.53,28.53,26.76,27.58,23.7117,72200.0,0.0,1.0
2006-04-11,27.64,28.26,27.64,28.18,24.2276,100000.0,0.0,1.0
2006-04-12,28.2,28.44,27.94,28.28,24.3136,95300.0,0.0,1.0
2006-04-13,28.29,28.75,27.87,27.93,24.0127,41300.0,0.0,1.0
2006-04-17,28.05,28.4,27.54,27.77,23.8751,136100.0,0.0,1.0
2006-04-18,27.81,29.0,27.81,29.0,24.9326,56700.0,0.0,1.0
2006-04-19,28.99,29.0,28.61,29.0,24.9326,32500.0,0.0,1.0
2006-04-20,29.0,29.5,28.69,29.47,25.3367,36100.0,0.0,1.0
2006-04-21,29.5,29.5,28.95,29.36,25.2421,29900.0,0.0,1.0
2006-04-24,29.5,29.5,29.2,29.45,25.3195,35900.0,0.0,1.0
2006-04-25,29.5,29.5,29.19,29.5,25.3624,25400.0,0.0,1.0
2006-04-26,29.43,29.79,29.22,29.69,25.5258,26500.0,0.0,1.0
2006-04-27,29.49,30.0,28.84,29.99,25.7837,40900.0,0.0,1.0
2006-04-28,30.0,30.06,29.32,29.62,25.4656,37200.0,0.0,1.0
2006-05-01,29.77,30.0,27.68,29.03,24.9584,63700.0,0.0,1.0
2006-05-02,29.25,30.0,28.85,29.96,25.7579,90200.0,0.0,1.0
2006-05-03,29.89,30.1,29.68,30.0,25.8467,41700.0,0.063,1.0
2006-05-04,27.93,29.53,27.57,28.55,24.5974,144000.0,0.0,1.0
2006-05-05,28.83,29.37,28.55,29.1,25.0713,35900.0,0.0,1.0
2006-05-08,29.25,29.32,28.64,29.24,25.1919,116600.0,0.0,1.0
2006-05-09,29.26,30.1,29.06,29.87,25.7347,141400.0,0.0,1.0
2006-05-10,29.86,30.04,29.42,29.46,25.3814,106100.0,0.0,1.0
2006-05-11,29.39,29.39,27.83,28.3,24.382,25300.0,0.0,1.0
2006-05-12,28.05,28.32,26.37,27.26,23.486,73600.0,0.0,1.0
2006-05-15,27.0,28.25,27.0,27.78,23.934,58600.0,0.0,1.0
2006-05-16,27.97,29.22,27.89,28.93,24.9248,55700.0,0.0,1.0
2006-05-17,28.86,28.86,27.76,28.38,24.451,26300.0,0.0,1.0
2006-05-18,28.59,28.59,27.11,27.27,23.4946,28300.0,0.0,1.0
2006-05-19,27.16,28.88,27.16,28.44,24.5026,54900.0,0.0,1.0
2006-05-22,28.06,28.76,28.04,28.24,24.3303,74500.0,0.0,1.0
2006-05-23,28.5,28.75,27.89,27.9,24.0374,33300.0,0.0,1.0
2006-05-24,27.97,28.01,26.72,27.05,23.3051,52800.0,0.0,1.0
2006-05-25,27.31,28.5,27.23,28.25,24.339,54500.0,0.0,1.0
2006-05-26,28.44,28.74,27.73,27.99,24.115,13500.0,0.0,1.0
2006-05-30,27.94,27.98,27.0,27.14,23.3826,49400.0,0.0,1.0
2006-05-31,27.17,28.0,27.12,27.7,23.8651,135600.0,0.0,1.0
2006-06-01,27.84,27.93,27.57,27.78,23.934,73700.0,0.0,1.0
2006-06-02,27.99,28.25,27.27,27.38,23.5894,39200.0,0.0,1.0
2006-06-05,27.32,27.62,27.0,27.0,23.262,60100.0,0.0,1.0
2006-06-06,27.02,27.24,26.82,26.96,23.2275,41800.0,0.0,1.0
2006-06-07,27.08,27.23,26.71,26.79,23.0811,34700.0,0.0,1.0
2006-06-08,26.66,27.93,26.02,27.23,23.4602,92900.0,0.0,1.0
2006-06-09,27.38,27.38,26.45,26.55,22.8743,46300.0,0.0,1.0
2006-06-12,26.55,26.67,25.8,25.81,22.2367,35800.0,0.0,1.0
2006-06-13,25.67,25.73,24.63,25.06,21.5906,65300.0,0.0,1.0
2006-06-14,25.02,25.41,25.0,25.05,21.582,39500.0,0.0,1.0
2006-06-15,25.26,26.98,25.03,26.72,23.0208,41300.0,0.0,1.0
2006-06-16,26.59,27.03,26.59,26.76,23.0552,118000.0,0.0,1.0
2006-06-19,26.79,27.24,26.25,26.34,22.6934,37900.0,0.0,1.0
2006-06-20,26.33,26.77,25.74,25.97,22.3746,42200.0,0.0,1.0
2006-06-21,23.68,24.32,22.09,22.32,19.2299,725100.0,0.0,1.0
2006-06-22,22.35,22.35,21.9,22.11,19.049,237600.0,0.0,1.0
2006-06-23,22.11,22.7,21.93,22.44,19.3333,288600.0,0.0,1.0
2006-06-26,22.54,22.59,21.19,21.92,18.8853,121000.0,0.0,1.0
2006-06-27,21.92,21.99,20.7,20.98,18.0754,123700.0,0.0,1.0
2006-06-28,21.03,21.63,20.96,21.63,18.6355,86800.0,0.0,1.0
2006-06-29,21.83,22.06,21.38,22.04,18.9887,100700.0,0.0,1.0
2006-06-30,22.2,22.2,21.54,21.67,18.6699,299800.0,0.0,1.0
2006-07-03,21.6,22.22,21.6,22.11,19.049,40200.0,0.0,1.0
2006-07-05,22.0,22.18,21.32,21.4,18.4373,70700.0,0.0,1.0
2006-07-06,21.49,21.7,20.66,21.03,18.1185,110700.0,0.0,1.0
2006-07-07,20.92,21.09,20.11,20.62,17.7653,65300.0,0.0,1.0
2006-07-10,20.7,21.1,20.5,20.61,17.7567,30700.0,0.0,1.0
2006-07-11,20.67,21.05,20.58,21.0,18.0927,56700.0,0.0,1.0
2006-07-12,21.0,21.31,20.7,20.76,17.8859,83600.0,0.0,1.0
2006-07-13,20.74,21.16,20.51,20.78,17.9031,101900.0,0.0,1.0
2006-07-14,20.73,20.9,19.69,19.92,17.1622,95700.0,0.0,1.0
2006-07-17,19.92,20.53,19.66,20.05,17.2742,54100.0,0.0,1.0
2006-07-18,20.25,20.56,19.5,20.01,17.2397,57500.0,0.0,1.0
2006-07-19,20.06,20.34,19.99,20.03,17.257,120600.0,0.0,1.0
2006-07-20,20.26,20.78,20.12,20.26,17.4551,50400.0,0.0,1.0
2006-07-21,20.27,20.48,19.77,19.85,17.1019,36600.0,0.0,1.0
2006-07-24,20.0,20.12,19.95,20.02,17.2483,51200.0,0.0,1.0
2006-07-25,20.0,20.39,19.91,20.0,17.2311,42300.0,0.0,1.0
2006-07-26,19.89,20.09,19.85,19.94,17.1794,36600.0,0.0,1.0
2006-07-27,19.98,20.26,19.77,20.01,17.2397,41500.0,0.0,1.0
2006-07-28,20.1,20.75,20.1,20.14,17.3517,45300.0,0.0,1.0
2006-07-31,20.05,20.5,19.91,20.33,17.5154,39700.0,0.0,1.0
2006-08-01,20.26,20.33,19.06,19.2,16.5419,146000.0,0.0,1.0
2006-08-02,19.37,20.11,19.16,20.0,17.2878,45800.0,0.063,1.0
2006-08-03,19.98,20.13,19.47,20.05,17.3311,101100.0,0.0,1.0
2006-08-04,20.2,20.72,20.2,20.7,17.8929,108100.0,0.0,1.0
2006-08-07,20.71,20.71,19.74,20.01,17.2965,92500.0,0.0,1.0
2006-08-08,19.95,20.33,19.95,20.1,17.3743,46700.0,0.0,1.0
2006-08-09,20.39,20.39,20.07,20.1,17.3743,57500.0,0.0,1.0
2006-08-10,20.04,20.44,19.94,20.34,17.5817,29300.0,0.0,1.0
2006-08-11,20.38,20.43,20.18,20.29,17.5385,31400.0,0.0,1.0
2006-08-14,20.44,20.93,20.25,20.82,17.9966,67400.0,0.0,1.0
2006-08-15,20.93,21.31,20.82,21.06,18.2041,150100.0,0.0,1.0
2006-08-16,21.3,21.4,21.06,21.39,18.4893,46000.0,0.0,1.0
2006-08-17,21.28,21.42,21.2,21.27,18.3856,25200.0,0.0,1.0
2006-08-18,21.41,21.44,21.1,21.17,18.2992,17300.0,0.0,1.0
2006-08-21,21.1,21.34,20.93,20.96,18.1177,29100.0,0.0,1.0
2006-08-22,20.88,21.29,20.88,21.1,18.2387,15300.0,0.0,1.0
2006-08-23,21.07,21.27,20.94,21.04,18.1868,42900.0,0.0,1.0
2006-08-24,21.2,21.2,20.9,21.08,18.2214,39000.0,0.0,1.0
2006-08-25,21.0,21.35,21.0,21.2,18.3251,18100.0,0.0,1.0
2006-08-28,21.08,21.33,20.75,20.77,17.9534,78500.0,0.0,1.0
2006-08-29,20.89,21.37,20.51,21.34,18.4461,38300.0,0.0,1.0
2006-08-30,21.31,21.31,20.47,20.5,17.72,43900.0,0.0,1.0
2006-08-31,20.64,20.66,19.96,19.96,17.2533,53800.0,0.0,1.0
2006-09-01,20.03,20.13,19.65,20.11,17.3829,57100.0,0.0,1.0
2006-09-05,20.2,20.46,20.09,20.23,17.4866,32200.0,0.0,1.0
2006-09-06,20.14,20.35,19.92,19.92,17.2187,32900.0,0.0,1.0
2006-09-07,19.82,20.05,19.38,19.39,16.7606,180100.0,0.0,1.0
2006-09-08,19.37,19.37,19.1,19.2,16.5963,36600.0,0.0,1.0
2006-09-11,19.05,19.35,19.05,19.29,16.6741,42400.0,0.0,1.0
2006-09-12,19.35,19.5,19.15,19.5,16.8556,142500.0,0.0,1.0
2006-09-13,19.44,20.1,19.35,20.1,17.3743,28500.0,0.0,1.0
2006-09-14,20.01,20.27,20.0,20.24,17.4953,37400.0,0.0,1.0
2006-09-15,20.42,21.04,20.18,20.95,18.109,96200.0,0.0,1.0
2006-09-18,21.14,21.14,20.9,21.02,18.1695,54700.0,0.0,1.0
2006-09-19,21.39,21.39,20.73,20.98,18.1349,42000.0,0.0,1.0
2006-09-20,21.16,21.32,20.82,21.06,18.2041,79800.0,0.0,1.0
2006-09-21,21.05,21.08,20.74,21.02,18.1695,16400.0,0.0,1.0
2006-09-22,21.03,21.03,20.05,20.26,17.5126,40100.0,0.0,1.0
2006-09-25,20.28,20.86,20.11,20.83,18.0053,134200.0,0.0,1.0
2006-09-26,20.14,20.92,18.87,19.08,16.4926,735900.0,0.0,1.0
2006-09-27,18.9,19.08,18.44,18.62,16.095,116700.0,0.0,1.0
2006-09-28,18.75,18.78,18.45,18.55,16.0345,96800.0,0.0,1.0
2006-09-29,18.51,18.68,18.45,18.52,16.0085,72600.0,0.0,1.0
2006-10-02,18.52,18.65,18.28,18.43,15.9307,110100.0,0.0,1.0
2006-10-03,18.32,18.46,17.91,17.96,15.5245,81500.0,0.0,1.0
2006-10-04,17.87,18.21,17.83,18.2,15.7319,37200.0,0.0,1.0
2006-10-05,18.14,18.85,18.14,18.55,16.0345,65900.0,0.0,1.0
2006-10-06,18.43,18.43,17.95,17.99,15.5504,80300.0,0.0,1.0
2006-10-09,17.93,18.09,17.9,18.0,15.5591,77200.0,0.0,1.0
2006-10-10,18.0,18.11,17.85,17.88,15.4553,180100.0,0.0,1.0
2006-10-11,17.86,17.98,17.75,17.92,15.4899,44400.0,0.0,1.0
2006-10-12,18.0,18.79,17.83,18.77,16.2246,113000.0,0.0,1.0
2006-10-13,18.71,19.89,18.18,19.89,17.1928,116300.0,0.0,1.0
2006-10-16,19.82,20.05,19.55,19.9,17.2014,114000.0,0.0,1.0
2006-10-17,19.73,20.04,19.73,19.94,17.236,46600.0,0.0,1.0
2006-10-18,19.99,20.15,19.8,19.95,17.2446,36600.0,0.0,1.0
2006-10-19,19.84,20.12,19.82,19.95,17.2446,17500.0,0.0,1.0
2006-10-20,19.95,20.01,19.81,20.01,17.2965,37000.0,0.0,1.0
2006-10-23,19.99,20.12,19.79,19.95,17.2446,45000.0,0.0,1.0
2006-10-24,19.97,20.28,19.89,20.0,17.2878,33200.0,0.0,1.0
2006-10-25,19.9,20.14,19.87,20.06,17.3397,48300.0,0.0,1.0
2006-10-26,20.18,20.49,20.06,20.44,17.6682,29700.0,0.0,1.0
2006-10-27,20.33,20.58,20.1,20.13,17.4002,35500.0,0.0,1.0
2006-10-30,20.13,20.52,20.1,20.44,17.6682,34600.0,0.0,1.0
2006-10-31,20.26,20.53,20.25,20.49,17.7114,56100.0,0.0,1.0
2006-11-01,20.51,20.51,19.81,19.85,17.2111,66900.0,0.063,1.0
2006-11-02,19.66,19.99,19.19,19.26,16.6995,77600.0,0.0,1.0
2006-11-03,19.12,19.39,18.8,18.89,16.3787,145700.0,0.0,1.0
2006-11-06,18.63,19.43,18.63,19.34,16.7689,263800.0,0.0,1.0
2006-11-07,19.38,20.3,19.21,20.14,17.4625,205500.0,0.0,1.0
2006-11-08,20.12,20.14,19.6,19.76,17.1331,128800.0,0.0,1.0
2006-11-09,19.8,19.8,18.95,19.04,16.5088,120700.0,0.0,1.0
2006-11-10,18.99,19.3,18.78,18.78,16.2833,470100.0,0.0,1.0
2006-11-13,18.84,18.99,18.77,18.87,16.3614,136300.0,0.0,1.0
2006-11-14,18.94,18.94,18.62,18.88,16.3701,159300.0,0.0,1.0
2006-11-15,18.83,18.95,18.76,18.89,16.3787,102300.0,0.0,1.0
2006-11-16,18.89,18.97,18.78,18.88,16.3701,154500.0,0.0,1.0
2006-11-17,18.86,19.25,18.76,18.99,16.4654,782900.0,0.0,1.0
2006-11-20,19.0,19.6,19.0,19.47,16.8816,329600.0,0.0,1.0
2006-11-21,19.6,19.61,19.35,19.43,16.8469,137100.0,0.0,1.0
2006-11-22,19.55,19.55,19.32,19.41,16.8296,76800.0,0.0,1.0
2006-11-24,19.25,19.48,19.25,19.48,16.8903,19500.0,0.0,1.0
2006-11-27,19.38,19.38,18.95,18.95,16.4307,117700.0,0.0,1.0
2006-11-28,19.01,19.2,18.91,19.17,16.6215,69500.0,0.0,1.0
2006-11-29,19.29,19.42,19.07,19.25,16.6909,57400.0,0.0,1.0
2006-11-30,19.29,20.11,19.11,20.09,17.4192,200800.0,0.0,1.0
2006-12-01,20.22,20.22,19.8,20.07,17.4018,97400.0,0.0,1.0
2006-12-04,20.16,20.27,19.94,20.09,17.4192,85000.0,0.0,1.0
2006-12-05,20.2,20.22,19.94,20.04,17.3758,85500.0,0.0,1.0
2006-12-06,20.14,20.14,19.72,19.9,17.2545,52700.0,0.0,1.0
2006-12-07,20.0,20.02,19.72,19.74,17.1157,74900.0,0.0,1.0
2006-12-08,19.62,19.87,19.61,19.62,17.0117,23100.0,0.0,1.0
2006-12-11,19.55,19.91,19.49,19.85,17.2111,200800.0,0.0,1.0
2006-12-12,19.89,19.97,19.52,19.72,17.0984,63600.0,0.0,1.0
2006-12-13,19.95,19.98,19.65,19.9,17.2545,170600.0,0.0,1.0
2006-12-14,19.9,20.13,19.84,19.96,17.3065,63600.0,0.0,1.0
2006-12-15,20.08,20.09,19.7,19.71,17.0897,128900.0,0.0,1.0
2006-12-18,19.79,19.84,19.51,19.64,17.029,57000.0,0.0,1.0
2006-12-19,19.5,19.54,19.33,19.5,16.9076,55400.0,0.0,1.0
2006-12-20,19.6,19.6,19.37,19.44,16.8556,30800.0,0.0,1.0
2006-12-21,17.0,17.0,14.76,15.83,13.7255,656600.0,0.0,1.0
2006-12-22,15.99,16.18,15.78,16.16,14.0117,215000.0,0.0,1.0
2006-12-26,16.19,16.31,15.8,16.23,14.0724,140900.0,0.0,1.0
2006-12-27,16.33,16.35,15.82,16.21,14.055,163200.0,0.0,1.0
2006-12-28,16.25,16.39,15.98,16.31,14.1417,151900.0,0.0,1.0
2006-12-29,16.42,16.45,16.2,16.43,14.2458,119300.0,0.0,1.0
2007-01-03,16.52,16.88,16.41,16.84,14.6013,152500.0,0.0,1.0
2007-01-04,16.9,17.62,16.7,17.57,15.2342,210900.0,0.0,1.0
2007-01-05,17.45,17.78,17.04,17.48,15.1562,283200.0,0.0,1.0
2007-01-08,17.6,17.8,17.36,17.65,15.3036,196500.0,0.0,1.0
2007-01-09,17.83,17.88,17.19,17.51,15.1822,264700.0,0.0,1.0
2007-01-10,17.34,17.41,17.06,17.23,14.9394,109700.0,0.0,1.0
2007-01-11,17.17,17.32,16.98,17.01,14.7487,157600.0,0.0,1.0
2007-01-12,16.94,17.34,16.9,17.31,15.0088,84000.0,0.0,1.0
2007-01-16,17.55,17.55,17.26,17.36,15.0521,86900.0,0.0,1.0
2007-01-17,17.3,18.31,17.3,18.07,15.6677,192000.0,0.0,1.0
2007-01-18,18.02,18.12,17.76,18.01,15.6157,94700.0,0.0,1.0
2007-01-19,17.95,18.03,17.76,18.02,15.6244,53700.0,0.0,1.0
2007-01-22,17.97,18.38,17.95,18.21,15.7891,76000.0,0.0,1.0
2007-01-23,18.15,18.7,18.09,18.51,16.0492,70300.0,0.0,1.0
2007-01-24,18.5,19.24,18.49,19.17,16.6215,131700.0,0.0,1.0
2007-01-25,19.19,19.81,19.19,19.44,16.8556,465900.0,0.0,1.0
2007-01-26,19.44,19.74,19.08,19.49,16.899,224400.0,0.0,1.0
2007-01-29,19.39,19.52,19.19,19.35,16.7776,93400.0,0.0,1.0
2007-01-30,19.43,19.43,19.05,19.17,16.6215,47000.0,0.0,1.0
2007-01-31,19.12,19.77,19.12,19.65,17.0377,127600.0,0.0,1.0
2007-02-01,19.68,20.06,19.6,19.95,17.2978,90800.0,0.0,1.0
2007-02-02,19.94,20.15,19.85,19.95,17.2978,96400.0,0.0,1.0
2007-02-05,20.05,20.05,19.46,19.95,17.2978,145000.0,0.0,1.0
2007-02-06,20.05,20.05,19.35,19.53,16.9336,82000.0,0.0,1.0
2007-02-07,19.52,19.59,19.4,19.55,16.951,56300.0,0.0,1.0
2007-02-08,19.62,19.99,19.4,19.98,17.3238,97100.0,0.0,1.0
2007-02-09,19.98,19.98,19.5,19.67,17.055,102000.0,0.0,1.0
2007-02-12,19.87,19.87,19.43,19.5,16.962,88800.0,0.063,1.0
2007-02-13,19.55,19.65,19.34,19.45,16.9185,73700.0,0.0,1.0
2007-02-14,19.42,19.87,19.42,19.53,16.9881,56000.0,0.0,1.0
2007-02-15,19.61,19.82,19.45,19.54,16.9967,87500.0,0.0,1.0
2007-02-16,19.58,19.87,19.45,19.81,17.2316,47400.0,0.0,1.0
2007-02-20,19.88,19.88,19.48,19.75,17.1794,63400.0,0.0,1.0
2007-02-21,19.62,19.99,19.62,19.96,17.3621,70600.0,0.0,1.0
2007-02-22,20.05,20.05,19.85,20.0,17.3969,82500.0,0.0,1.0
2007-02-23,20.01,20.01,19.8,19.92,17.3273,74600.0,0.0,1.0
2007-02-26,20.07,20.23,19.75,19.94,17.3447,56500.0,0.0,1.0
2007-02-27,19.7,19.94,19.4,19.45,16.9185,94700.0,0.0,1.0
2007-02-28,19.38,19.75,19.3,19.35,16.8315,91800.0,0.0,1.0
2007-03-01,19.24,19.39,18.91,19.21,16.7097,49500.0,0.0,1.0
2007-03-02,18.99,19.21,18.97,19.13,16.6401,88400.0,0.0,1.0
2007-03-05,18.98,19.28,18.69,18.88,16.4227,108700.0,0.0,1.0
2007-03-06,19.45,20.0,19.2,20.0,17.3969,191800.0,0.0,1.0
2007-03-07,20.02,20.04,19.75,19.96,17.3621,160800.0,0.0,1.0
2007-03-08,20.04,20.04,19.55,19.68,17.1185,161900.0,0.0,1.0
2007-03-09,19.83,20.0,19.64,20.0,17.3969,73500.0,0.0,1.0
2007-03-12,20.05,20.05,19.77,19.98,17.3795,88700.0,0.0,1.0
2007-03-13,19.83,20.0,19.45,19.57,17.0228,118200.0,0.0,1.0
2007-03-14,19.52,19.99,19.42,19.7,17.1359,292600.0,0.0,1.0
2007-03-15,19.85,19.85,19.45,19.45,16.9185,65000.0,0.0,1.0
2007-03-16,19.44,19.6,19.43,19.48,16.9446,111200.0,0.0,1.0
2007-03-19,19.8,19.8,19.15,19.23,16.7271,85800.0,0.0,1.0
2007-03-20,19.16,19.68,19.16,19.36,16.8402,87000.0,0.0,1.0
2007-03-21,19.5,19.93,19.4,19.88,17.2925,61000.0,0.0,1.0
2007-03-22,19.99,19.99,19.73,19.95,17.3534,64700.0,0.0,1.0
2007-03-23,19.9,19.98,19.84,19.88,17.2925,71500.0,0.0,1.0
2007-03-26,19.82,20.86,19.8,20.78,18.0754,199500.0,0.0,1.0
2007-03-27,20.8,20.94,20.04,20.13,17.51,152300.0,0.0,1.0
2007-03-28,20.07,20.62,19.9,20.62,17.9362,103700.0,0.0,1.0
2007-03-29,20.81,20.81,20.14,20.41,17.7535,115700.0,0.0,1.0
2007-03-30,20.47,20.91,20.41,20.89,18.171,83900.0,0.0,1.0
2007-04-02,20.91,20.92,20.72,20.82,18.1102,116100.0,0.0,1.0
2007-04-03,20.89,20.9,20.67,20.73,18.0319,77200.0,0.0,1.0
2007-04-04,20.68,20.85,20.31,20.33,17.6839,74800.0,0.0,1.0
2007-04-05,20.37,20.61,20.35,20.57,17.8927,64600.0,0.0,1.0
2007-04-09,20.55,20.59,20.13,20.49,17.8231,119300.0,0.0,1.0
2007-04-10,20.45,20.56,20.0,20.41,17.7535,52700.0,0.0,1.0
2007-04-11,20.38,20.63,20.38,20.58,17.9014,93900.0,0.0,1.0
2007-04-12,20.46,20.55,20.33,20.48,17.8144,86700.0,0.0,1.0
2007-04-13,20.45,20.97,20.32,20.97,18.2406,110400.0,0.0,1.0
2007-04-16,21.03,21.19,20.75,21.16,18.4059,152000.0,0.0,1.0
2007-04-17,21.18,21.24,21.0,21.2,18.4407,58500.0,0.0,1.0
2007-04-18,21.15,22.29,21.13,22.14,19.2583,117400.0,0.0,1.0
2007-04-19,21.96,22.6,21.71,22.5,19.5715,201500.0,0.0,1.0
2007-04-20,22.96,23.06,22.57,23.03,20.0325,194900.0,0.0,1.0
2007-04-23,22.99,23.43,22.85,23.35,20.3109,162300.0,0.0,1.0
2007-04-24,23.3,23.3,22.81,22.81,19.8411,159600.0,0.0,1.0
2007-04-25,22.83,22.99,22.53,22.66,19.7107,74200.0,0.0,1.0
2007-04-26,22.57,22.59,22.33,22.48,19.5541,71700.0,0.0,1.0
2007-04-27,22.43,22.83,22.36,22.44,19.5193,120100.0,0.0,1.0
2007-04-30,22.43,22.63,21.79,21.82,18.98,173800.0,0.0,1.0
2007-05-01,21.9,22.11,21.68,21.69,18.8669,109400.0,0.0,1.0
2007-05-02,21.66,22.25,21.55,21.96,19.1574,80500.0,0.063,1.0
2007-05-03,21.93,22.11,21.67,21.89,19.0964,62400.0,0.0,1.0
2007-05-04,21.8,22.47,21.77,22.47,19.6023,119000.0,0.0,1.0
2007-05-07,22.62,22.73,22.34,22.46,19.5936,138000.0,0.0,1.0
2007-05-08,22.44,22.9,21.87,22.08,19.2621,128400.0,0.0,1.0
2007-05-09,21.93,22.47,21.93,22.26,19.4191,70300.0,0.0,1.0
2007-05-10,22.09,22.24,21.9,22.0,19.1923,109100.0,0.0,1.0
2007-05-11,22.15,22.22,21.77,22.03,19.2185,100000.0,0.0,1.0
2007-05-14,21.95,22.1,21.94,22.01,19.201,89000.0,0.0,1.0
2007-05-15,22.01,22.16,21.58,21.6,18.8434,98600.0,0.0,1.0
2007-05-16,21.73,21.85,21.43,21.85,19.0615,91800.0,0.0,1.0
2007-05-17,21.85,21.95,21.56,21.89,19.0964,77100.0,0.0,1.0
2007-05-18,21.9,21.98,21.26,21.32,18.5991,57000.0,0.0,1.0
2007-05-21,21.25,22.05,21.25,21.69,18.9219,182600.0,0.0,1.0
2007-05-22,21.65,21.82,21.49,21.69,18.9219,124500.0,0.0,1.0
2007-05-23,21.71,21.92,21.59,21.86,19.0702,87400.0,0.0,1.0
2007-05-24,21.75,21.75,20.7,20.73,18.0844,95300.0,0.0,1.0
2007-05-25,20.74,21.19,20.59,21.0,18.3199,113100.0,0.0,1.0
2007-05-29,21.28,21.28,20.9,21.14,18.4421,76300.0,0.0,1.0
2007-05-30,20.96,21.11,20.91,21.04,18.3548,87700.0,0.0,1.0
2007-05-31,21.03,21.11,20.94,21.06,18.3723,91000.0,0.0,1.0
2007-06-01,21.09,21.34,21.09,21.21,18.5031,84300.0,0.0,1.0
2007-06-04,21.13,21.35,21.09,21.15,18.4508,70800.0,0.0,1.0
2007-06-05,21.1,21.29,20.97,20.98,18.3025,61000.0,0.0,1.0
2007-06-06,20.9,20.96,20.7,20.81,18.1542,110400.0,0.0,1.0
2007-06-07,20.76,20.95,20.67,20.94,18.2676,63300.0,0.0,1.0
2007-06-08,20.85,21.09,20.67,20.87,18.2065,75900.0,0.0,1.0
2007-06-11,20.83,21.2,20.8,21.12,18.4246,109200.0,0.0,1.0
2007-06-12,20.97,21.08,20.9,21.01,18.3287,123800.0,0.0,1.0
2007-06-13,21.1,21.23,20.87,21.12,18.4246,126500.0,0.0,1.0
2007-06-14,21.09,21.14,21.0,21.06,18.3723,82100.0,0.0,1.0
2007-06-15,21.39,21.64,21.1,21.43,18.6951,172400.0,0.0,1.0
2007-06-18,21.69,21.76,21.48,21.73,18.9568,149400.0,0.0,1.0
2007-06-19,21.83,21.83,21.39,21.39,18.6602,117500.0,0.0,1.0
2007-06-20,21.53,21.78,21.27,21.35,18.6253,144700.0,0.0,1.0
2007-06-21,21.36,21.51,21.26,21.49,18.7474,71300.0,0.0,1.0
2007-06-22,21.4,21.5,20.83,21.33,18.6078,330900.0,0.0,1.0
2007-06-25,21.33,21.61,21.18,21.2,18.4944,205600.0,0.0,1.0
2007-06-26,21.27,21.27,20.37,20.49,17.875,211100.0,0.0,1.0
2007-06-27,20.48,20.57,20.09,20.57,17.9448,198000.0,0.0,1.0
2007-06-28,20.61,21.23,20.61,21.0,18.3199,150200.0,0.0,1.0
2007-06-29,21.04,21.13,20.45,20.45,17.8401,87500.0,0.0,1.0
2007-07-02,20.58,20.86,20.57,20.81,18.1542,88900.0,0.0,1.0
2007-07-03,20.82,20.98,20.68,20.98,18.3025,57400.0,0.0,1.0
2007-07-05,20.99,21.1,20.84,21.04,18.3548,122700.0,0.0,1.0
2007-07-06,20.98,20.98,20.49,20.64,18.0059,118400.0,0.0,1.0
2007-07-09,20.6,20.75,20.31,20.52,17.9012,151000.0,0.0,1.0
2007-07-10,20.38,20.44,19.93,19.96,17.4127,119500.0,0.0,1.0
2007-07-11,19.99,20.09,19.86,20.02,17.465,151900.0,0.0,1.0
2007-07-12,20.15,20.37,19.76,20.36,17.7616,105500.0,0.0,1.0
2007-07-13,20.35,20.63,20.23,20.49,17.875,53100.0,0.0,1.0
2007-07-16,20.39,20.86,20.38,20.81,18.1542,71300.0,0.0,1.0
2007-07-17,20.67,20.84,20.41,20.71,18.0669,97500.0,0.0,1.0
2007-07-18,20.56,20.81,20.3,20.55,17.9274,72400.0,0.0,1.0
2007-07-19,20.69,20.89,20.6,20.86,18.1978,45700.0,0.0,1.0
2007-07-20,20.81,20.81,20.45,20.52,17.9012,115900.0,0.0,1.0
2007-07-23,20.56,20.65,20.39,20.39,17.7878,33500.0,0.0,1.0
2007-07-24,20.26,20.52,20.25,20.36,17.7616,112300.0,0.0,1.0
2007-07-25,20.4,20.49,20.1,20.15,17.5784,122200.0,0.0,1.0
2007-07-26,20.02,20.15,19.55,19.69,17.1771,156800.0,0.0,1.0
2007-07-27,19.62,20.11,19.62,19.76,17.2382,91300.0,0.0,1.0
2007-07-30,19.9,19.9,18.89,19.3,16.8369,135400.0,0.0,1.0
2007-07-31,19.24,19.45,18.99,19.38,16.9067,129000.0,0.0,1.0
2007-08-01,19.24,20.1,19.24,19.99,17.4957,192100.0,0.063,1.0
2007-08-02,19.5,20.12,18.36,19.03,16.6555,421900.0,0.0,1.0
2007-08-03,18.95,19.0,18.71,18.84,16.4892,268100.0,0.0,1.0
2007-08-06,18.84,18.96,18.37,18.49,16.1829,248200.0,0.0,1.0
2007-08-07,18.41,18.57,17.77,17.95,15.7103,357100.0,0.0,1.0
2007-08-08,18.0,19.34,17.96,19.2,16.8043,565000.0,0.0,1.0
2007-08-09,18.91,21.27,18.91,20.88,18.2747,699100.0,0.0,1.0
2007-08-10,20.63,21.01,19.77,20.67,18.0909,474900.0,0.0,1.0
2007-08-13,20.69,20.69,19.8,19.86,17.3819,267700.0,0.0,1.0
2007-08-14,19.84,20.0,19.61,19.67,17.2156,112500.0,0.0,1.0
2007-08-15,19.57,19.6,19.29,19.3,16.8918,129400.0,0.0,1.0
2007-08-16,19.45,19.56,19.06,19.27,16.8656,183500.0,0.0,1.0
2007-08-17,20.71,20.71,19.2,19.59,17.1456,155200.0,0.0,1.0
2007-08-20,19.72,19.72,19.34,19.67,17.2156,68500.0,0.0,1.0
2007-08-21,19.82,19.82,19.29,19.38,16.9618,112800.0,0.0,1.0
2007-08-22,19.53,19.68,19.29,19.32,16.9093,190800.0,0.0,1.0
2007-08-23,19.37,19.46,18.82,18.96,16.5942,312300.0,0.0,1.0
2007-08-24,18.94,19.21,18.4,19.21,16.813,183300.0,0.0,1.0
2007-08-27,19.12,19.8,18.94,19.65,17.1981,137300.0,0.0,1.0
2007-08-28,19.52,20.04,19.52,19.67,17.2156,196500.0,0.0,1.0
2007-08-29,19.74,20.05,19.64,20.0,17.5045,135100.0,0.0,1.0
2007-08-30,19.83,20.19,19.63,20.16,17.6445,137500.0,0.0,1.0
2007-08-31,20.41,20.75,19.45,20.39,17.8458,114100.0,0.0,1.0
2007-09-04,20.51,20.78,20.26,20.67,18.0909,67900.0,0.0,1.0
2007-09-05,20.5,20.78,20.15,20.15,17.6357,63500.0,0.0,1.0
2007-09-06,20.06,20.22,19.99,20.04,17.5395,99800.0,0.0,1.0
2007-09-07,19.78,20.1,19.69,19.76,17.2944,80000.0,0.0,1.0
2007-09-10,19.85,20.0,19.61,19.61,17.1631,36600.0,0.0,1.0
2007-09-11,19.63,19.87,19.36,19.43,17.0056,58800.0,0.0,1.0
2007-09-12,19.4,19.75,19.17,19.36,16.9443,67200.0,0.0,1.0
2007-09-13,19.42,19.43,19.01,19.4,16.9793,51700.0,0.0,1.0
2007-09-14,19.23,19.38,19.1,19.29,16.8831,73100.0,0.0,1.0
2007-09-17,19.27,19.28,18.94,18.94,16.5767,40500.0,0.0,1.0
2007-09-18,19.02,19.55,18.93,19.51,17.0756,108200.0,0.0,1.0
2007-09-19,19.67,20.46,19.5,20.28,17.7495,163200.0,0.0,1.0
2007-09-20,20.22,20.22,20.02,20.06,17.557,91900.0,0.0,1.0
2007-09-21,20.23,20.57,20.08,20.55,17.9858,180900.0,0.0,1.0
2007-09-24,20.5,20.76,20.27,20.74,18.1521,88700.0,0.0,1.0
2007-09-25,20.62,20.65,20.24,20.28,17.7495,36100.0,0.0,1.0
2007-09-26,20.38,20.4,19.89,20.25,17.7233,52900.0,0.0,1.0
2007-09-27,20.3,20.43,20.15,20.42,17.8721,42000.0,0.0,1.0
2007-09-28,20.42,20.43,20.1,20.29,17.7583,91400.0,0.0,1.0
2007-10-01,20.24,20.8,20.16,20.62,18.0471,82200.0,0.0,1.0
2007-10-02,20.57,20.82,20.57,20.82,18.2221,54400.0,0.0,1.0
2007-10-03,20.71,21.09,20.71,20.94,18.3272,76500.0,0.0,1.0
2007-10-04,21.03,21.08,20.88,21.01,18.3884,64400.0,0.0,1.0
2007-10-05,21.08,21.15,20.67,20.74,18.1521,85400.0,0.0,1.0
2007-10-08,20.67,20.8,20.45,20.6,18.0296,105500.0,0.0,1.0
2007-10-09,20.58,20.61,19.99,20.08,17.5745,69800.0,0.0,1.0
2007-10-10,20.0,20.21,19.46,19.5,17.0668,79300.0,0.0,1.0
2007-10-11,19.49,19.63,18.84,18.86,16.5067,111500.0,0.0,1.0
2007-10-12,18.93,19.08,18.14,18.33,16.0428,188300.0,0.0,1.0
2007-10-15,18.39,18.56,17.8,17.94,15.7015,293000.0,0.0,1.0
2007-10-16,17.97,18.02,17.29,17.29,15.1326,200600.0,0.0,1.0
2007-10-17,17.38,17.52,16.64,16.9,14.7913,240000.0,0.0,1.0
2007-10-18,16.9,17.21,16.85,17.15,15.0101,191400.0,0.0,1.0
2007-10-19,17.13,17.13,16.42,16.46,14.4062,220000.0,0.0,1.0
2007-10-22,16.4,16.78,16.35,16.64,14.5637,218600.0,0.0,1.0
2007-10-23,16.66,16.86,16.53,16.74,14.6512,87700.0,0.0,1.0
2007-10-24,16.63,16.85,16.2,16.78,14.6862,148600.0,0.0,1.0
2007-10-25,16.77,17.06,16.69,16.93,14.8175,70800.0,0.0,1.0
2007-10-26,17.07,17.07,16.66,16.66,14.5812,72000.0,0.0,1.0
2007-10-29,16.74,16.77,15.95,16.28,14.2486,147700.0,0.0,1.0
2007-10-30,16.38,16.46,16.12,16.18,14.1611,61900.0,0.0,1.0
2007-10-31,16.21,16.21,15.95,16.04,14.0935,90200.0,0.063,1.0
2007-11-01,15.87,16.25,15.83,15.99,14.0495,121200.0,0.0,1.0
2007-11-02,16.09,16.09,15.89,16.0,14.0583,84500.0,0.0,1.0
2007-11-05,15.93,16.0,15.29,15.47,13.5926,178300.0,0.0,1.0
2007-11-06,13.79,14.5,13.0,13.3,11.686,1369300.0,0.0,1.0
2007-11-07,13.27,13.45,12.53,12.57,11.0446,289600.0,0.0,1.0
2007-11-08,12.6,12.9,12.33,12.69,11.15,309200.0,0.0,1.0
2007-11-09,12.57,12.61,12.2,12.36,10.86,206200.0,0.0,1.0
2007-11-12,12.32,12.9,12.32,12.77,11.2203,124700.0,0.0,1.0
2007-11-13,12.81,13.07,12.77,13.05,11.4663,182600.0,0.0,1.0
2007-11-14,13.11,13.14,12.75,12.78,11.2291,134400.0,0.0,1.0
2007-11-15,12.76,12.82,12.15,12.4,10.8952,182200.0,0.0,1.0
2007-11-16,12.42,12.47,11.95,12.39,10.8864,248800.0,0.0,1.0
2007-11-19,12.31,12.42,12.25,12.31,10.8161,222200.0,0.0,1.0
2007-11-20,12.28,12.73,12.28,12.67,11.1324,175100.0,0.0,1.0
2007-11-21,12.8,13.04,12.5,12.51,10.9918,148500.0,0.0,1.0
2007-11-23,12.52,12.69,12.28,12.5,10.9831,56600.0,0.0,1.0
2007-11-26,12.48,12.67,12.23,12.34,10.8425,105900.0,0.0,1.0
2007-11-27,12.41,12.54,12.38,12.47,10.9567,110100.0,0.0,1.0
2007-11-28,12.57,13.03,12.51,13.03,11.4487,92400.0,0.0,1.0
2007-11-29,13.03,13.05,12.46,12.46,10.9479,77200.0,0.0,1.0
2007-11-30,12.55,12.82,12.49,12.82,11.2642,124800.0,0.0,1.0
2007-12-03,13.3,13.3,12.9,13.08,11.4927,150400.0,0.0,1.0
2007-12-04,12.99,13.84,12.93,13.63,11.9759,123400.0,0.0,1.0
2007-12-05,13.88,14.05,13.62,13.72,12.055,79300.0,0.0,1.0
2007-12-06,13.83,14.95,13.74,14.7,12.9161,173800.0,0.0,1.0
2007-12-07,14.77,14.77,14.14,14.43,12.6788,87100.0,0.0,1.0
2007-12-10,14.41,14.75,14.35,14.59,12.8194,105600.0,0.0,1.0
2007-12-11,14.65,14.65,13.43,13.45,11.8178,88600.0,0.0,1.0
2007-12-12,13.68,14.06,13.37,13.5,11.8617,111600.0,0.0,1.0
2007-12-13,13.41,13.41,13.0,13.3,11.686,65800.0,0.0,1.0
2007-12-14,13.19,13.65,12.92,13.02,11.4399,94600.0,0.0,1.0
2007-12-17,12.95,12.95,12.59,12.59,11.0621,70800.0,0.0,1.0
2007-12-18,12.61,13.25,12.29,12.95,11.3784,397800.0,0.0,1.0
2007-12-19,12.7,13.3,12.68,13.07,11.4839,175100.0,0.0,1.0
2007-12-20,13.21,13.21,12.91,13.04,11.4575,139200.0,0.0,1.0
2007-12-21,13.22,13.27,12.95,13.15,11.5542,215100.0,0.0,1.0
2007-12-24,13.12,13.12,12.52,12.98,11.4048,77700.0,0.0,1.0
2007-12-26,12.9,13.43,12.9,13.29,11.6772,99900.0,0.0,1.0
2007-12-27,13.21,13.27,12.89,12.95,11.3784,114600.0,0.0,1.0
2007-12-28,12.99,13.0,12.67,12.89,11.3257,77600.0,0.0,1.0
2007-12-31,12.81,13.12,12.81,12.98,11.4048,111300.0,0.0,1.0
2008-01-02,12.96,13.37,12.95,13.07,11.4839,144400.0,0.0,1.0
2008-01-03,13.12,13.16,12.68,12.77,11.2203,91200.0,0.0,1.0
2008-01-04,12.67,13.0,12.49,12.71,11.1676,133700.0,0.0,1.0
2008-01-07,12.78,12.96,12.48,12.57,11.0446,66200.0,0.0,1.0
2008-01-08,12.56,12.58,11.51,11.52,10.122,93000.0,0.0,1.0
2008-01-09,11.8,11.8,11.19,11.31,9.9375,142100.0,0.0,1.0
2008-01-10,11.16,11.67,10.68,11.54,10.1396,105000.0,0.0,1.0
2008-01-11,11.6,11.92,11.44,11.59,10.1835,116800.0,0.0,1.0
2008-01-14,11.58,11.86,11.34,11.43,10.0429,79800.0,0.0,1.0
2008-01-15,11.29,11.35,10.25,10.49,9.217,85100.0,0.0,1.0
2008-01-16,10.42,11.12,10.32,10.88,9.5597,159000.0,0.0,1.0
2008-01-17,10.88,10.93,10.17,10.19,8.9534,68900.0,0.0,1.0
2008-01-18,10.18,10.49,9.31,9.33,8.1977,118200.0,0.0,1.0
2008-01-22,9.21,10.24,9.17,9.88,8.681,112100.0,0.0,1.0
2008-01-23,9.62,11.79,9.62,11.59,10.1835,150600.0,0.0,1.0
2008-01-24,11.63,11.63,10.83,10.83,9.5157,107100.0,0.0,1.0
2008-01-25,10.97,11.82,10.78,11.0,9.6651,64900.0,0.0,1.0
2008-01-28,11.0,11.22,10.54,10.75,9.4454,71300.0,0.0,1.0
2008-01-29,10.76,11.03,10.53,10.76,9.4542,96700.0,0.0,1.0
2008-01-30,10.7,10.85,10.33,10.54,9.2609,67900.0,0.0,1.0
2008-01-31,10.39,11.89,10.33,11.88,10.4383,98200.0,0.0,1.0
2008-02-01,11.97,12.59,11.52,12.13,10.658,99000.0,0.0,1.0
2008-02-04,11.74,11.74,10.64,10.92,9.5948,170600.0,0.0,1.0
2008-02-05,10.68,11.18,10.36,10.39,9.1291,115800.0,0.0,1.0
2008-02-06,10.45,10.84,10.17,10.39,9.1848,113700.0,0.063,1.0
2008-02-07,10.35,11.08,10.18,11.06,9.7771,86700.0,0.0,1.0
2008-02-08,10.4,11.73,10.35,10.93,9.6622,46400.0,0.0,1.0
2008-02-11,10.96,11.2,10.64,11.09,9.8036,47400.0,0.0,1.0
2008-02-12,11.17,11.25,10.87,11.08,9.7948,54400.0,0.0,1.0
2008-02-13,11.17,11.38,10.73,11.35,10.0334,204100.0,0.0,1.0
2008-02-14,11.44,12.07,10.9,10.95,9.6798,72400.0,0.0,1.0
2008-02-15,10.87,10.96,10.36,10.37,9.1671,58700.0,0.0,1.0
2008-02-19,10.49,10.86,10.2,10.46,9.2467,38900.0,0.0,1.0
2008-02-20,10.41,10.83,10.23,10.46,9.2467,52400.0,0.0,1.0
2008-02-21,10.55,11.07,10.37,10.38,9.176,70300.0,0.0,1.0
2008-02-22,10.38,10.43,9.93,10.08,8.9108,80500.0,0.0,1.0
2008-02-25,10.06,10.42,9.89,10.38,9.176,55400.0,0.0,1.0
2008-02-26,10.29,11.07,10.2,10.61,9.3793,70400.0,0.0,1.0
2008-02-27,10.53,10.68,10.2,10.62,9.3881,34800.0,0.0,1.0
2008-02-28,10.6,10.73,10.28,10.37,9.1671,47100.0,0.0,1.0
2008-02-29,10.25,10.68,10.05,10.33,9.1318,77900.0,0.0,1.0
2008-03-03,10.18,10.43,9.76,10.32,9.1229,92700.0,0.0,1.0
2008-03-04,10.21,10.38,9.82,10.26,9.0699,36300.0,0.0,1.0
2008-03-05,10.33,10.47,9.98,10.23,9.0434,34900.0,0.0,1.0
2008-03-06,10.16,10.16,8.88,9.06,8.0091,48000.0,0.0,1.0
2008-03-07,8.8,9.27,8.51,8.95,7.9118,117300.0,0.0,1.0
2008-03-10,9.51,10.63,8.97,9.2,8.1328,133000.0,0.0,1.0
2008-03-11,9.44,9.57,8.73,9.1,8.0444,69400.0,0.0,1.0
2008-03-12,9.13,9.53,8.67,9.01,7.9649,76900.0,0.0,1.0
2008-03-13,8.91,9.63,8.86,9.31,8.2301,92900.0,0.0,1.0
2008-03-14,9.37,9.7,8.89,8.96,7.9207,54800.0,0.0,1.0
2008-03-17,8.75,9.32,8.75,9.01,7.9649,40700.0,0.0,1.0
2008-03-18,9.22,9.25,8.82,9.03,7.9826,88400.0,0.0,1.0
2008-03-19,9.02,9.2,8.95,9.15,8.0886,175600.0,0.0,1.0
2008-03-20,9.15,9.2,8.79,9.03,7.9826,196200.0,0.0,1.0
2008-03-24,9.14,9.5,9.03,9.35,8.2654,97900.0,0.0,1.0
2008-03-25,9.27,9.54,8.83,9.48,8.3804,316200.0,0.0,1.0
2008-03-26,9.42,9.42,8.65,9.09,8.0356,122400.0,0.0,1.0
2008-03-27,9.13,9.49,8.98,9.25,8.177,203700.0,0.0,1.0
2008-03-28,9.2,9.27,8.93,8.98,7.9384,74300.0,0.0,1.0
2008-03-31,9.05,9.17,8.94,8.94,7.903,38800.0,0.0,1.0
2008-04-01,9.11,9.29,8.98,9.14,8.0798,62000.0,0.0,1.0
2008-04-02,9.13,9.23,8.91,9.06,8.0091,43600.0,0.0,1.0
2008-04-03,9.09,9.35,9.09,9.3,8.2212,25300.0,0.0,1.0
2008-04-04,9.35,9.48,9.22,9.45,8.3538,42800.0,0.0,1.0
2008-04-07,9.5,9.79,9.5,9.72,8.5925,69500.0,0.0,1.0
2008-04-08,9.62,9.95,9.53,9.76,8.6279,50600.0,0.0,1.0
2008-04-09,9.76,9.88,9.29,9.51,8.4069,107300.0,0.0,1.0
2008-04-10,9.49,9.93,9.12,9.5,8.398,106400.0,0.0,1.0
2008-04-11,9.37,9.6,9.07,9.17,8.1063,31300.0,0.0,1.0
2008-04-14,9.19,9.4,8.9,9.14,8.0798,165200.0,0.0,1.0
2008-04-15,9.18,9.36,9.0,9.18,8.1152,71200.0,0.0,1.0
2008-04-16,9.26,9.26,8.5,8.5,7.514,165000.0,0.0,1.0
2008-04-17,8.48,8.64,8.25,8.56,7.5671,114000.0,0.0,1.0
2008-04-18,8.75,8.86,8.52,8.77,7.7527,70400.0,0.0,1.0
2008-04-21,8.75,9.13,8.66,9.0,7.956,90600.0,0.0,1.0
2008-04-22,8.94,8.99,8.7,8.78,7.7616,41400.0,0.0,1.0
2008-04-23,8.78,8.97,8.7,8.88,7.85,55600.0,0.0,1.0
2008-04-24,8.9,9.1,8.54,9.01,7.9649,41600.0,0.0,1.0
2008-04-25,9.07,9.39,8.69,8.91,7.8765,87500.0,0.0,1.0
2008-04-28,8.88,8.88,8.47,8.62,7.6201,117800.0,0.0,1.0
2008-04-29,8.62,8.65,8.57,8.58,7.5848,41800.0,0.0,1.0
2008-04-30,8.58,8.61,8.44,8.52,7.5874,74000.0,0.063,1.0
2008-05-01,8.5,8.52,8.42,8.5,7.5696,70100.0,0.0,1.0
2008-05-02,8.5,8.74,8.41,8.44,7.5162,58000.0,0.0,1.0
2008-05-05,8.45,8.45,8.4,8.45,7.5251,38200.0,0.0,1.0
2008-05-06,8.42,8.62,8.41,8.61,7.6676,62500.0,0.0,1.0
2008-05-07,8.7,8.8,8.33,8.34,7.4271,56700.0,0.0,1.0
2008-05-08,8.25,8.89,8.22,8.67,7.721,204100.0,0.0,1.0
2008-05-09,8.6,8.66,7.94,8.17,7.2757,129800.0,0.0,1.0
2008-05-12,8.2,8.35,7.93,7.97,7.0976,83000.0,0.0,1.0
2008-05-13,8.0,8.18,7.94,8.14,7.249,76900.0,0.0,1.0
2008-05-14,8.13,8.13,7.03,7.62,6.7859,288700.0,0.0,1.0
2008-05-15,7.61,8.05,7.61,7.98,7.1065,60800.0,0.0,1.0
2008-05-16,8.03,8.04,7.8,8.0,7.1243,62600.0,0.0,1.0
2008-05-19,7.98,8.05,7.85,8.02,7.1422,58200.0,0.0,1.0
2008-05-20,7.98,8.05,7.77,7.93,7.062,42900.0,0.0,1.0
2008-05-21,7.96,8.06,7.84,7.86,6.9997,25800.0,0.0,1.0
2008-05-22,7.85,7.87,7.52,7.7,6.8572,80100.0,0.0,1.0
2008-05-23,7.66,7.66,7.35,7.36,6.5544,64200.0,0.0,1.0
2008-05-27,7.4,7.4,6.7,6.7,5.9666,147600.0,0.0,1.0
2008-05-28,6.75,7.18,6.74,7.07,6.2961,79100.0,0.0,1.0
2008-05-29,7.03,7.25,7.03,7.08,6.305,75600.0,0.0,1.0
2008-05-30,7.09,7.14,6.98,7.01,6.2427,123200.0,0.0,1.0
2008-06-02,6.97,7.47,6.97,7.04,6.2694,332000.0,0.0,1.0
2008-06-03,7.08,7.27,7.01,7.16,6.3763,60400.0,0.0,1.0
2008-06-04,7.15,7.6,7.14,7.53,6.7058,60900.0,0.0,1.0
2008-06-05,7.53,8.47,7.53,8.34,7.4271,87500.0,0.0,1.0
2008-06-06,8.28,8.8,8.0,8.35,7.436,87300.0,0.0,1.0
2008-06-09,8.33,8.67,8.25,8.36,7.4449,96000.0,0.0,1.0
2008-06-10,8.31,8.81,8.3,8.67,7.721,68800.0,0.0,1.0
2008-06-11,8.64,8.72,7.98,8.02,7.1422,100100.0,0.0,1.0
2008-06-12,8.01,8.29,8.01,8.25,7.347,38400.0,0.0,1.0
2008-06-13,8.29,8.68,8.28,8.58,7.6409,38900.0,0.0,1.0
2008-06-16,8.56,8.68,8.05,8.58,7.6409,78200.0,0.0,1.0
2008-06-17,8.57,8.71,8.11,8.17,7.2757,24500.0,0.0,1.0
2008-06-18,8.11,8.28,7.96,8.26,7.3559,40100.0,0.0,1.0
2008-06-19,8.23,8.31,7.86,8.22,7.3203,49300.0,0.0,1.0
2008-06-20,8.15,8.4,7.97,8.06,7.1778,113000.0,0.0,1.0
2008-06-23,8.08,8.21,7.84,8.1,7.2134,34100.0,0.0,1.0
2008-06-24,8.01,8.37,8.01,8.17,7.2757,33000.0,0.0,1.0
2008-06-25,8.17,8.37,7.96,8.11,7.2223,79800.0,0.0,1.0
2008-06-26,8.0,8.33,7.94,8.17,7.2757,49500.0,0.0,1.0
2008-06-27,8.17,9.32,8.09,8.09,7.2045,1351900.0,0.0,1.0
2008-06-30,7.49,8.85,7.49,8.15,7.2579,87400.0,0.0,1.0
2008-07-01,8.1,8.38,7.57,7.75,6.9017,125900.0,0.0,1.0
2008-07-02,7.76,7.76,7.39,7.46,6.6435,60900.0,0.0,1.0
2008-07-03,7.55,7.55,7.01,7.13,6.3496,26000.0,0.0,1.0
2008-07-07,7.11,7.52,7.04,7.16,6.3763,56000.0,0.0,1.0
2008-07-08,7.15,7.34,7.02,7.25,6.4564,102000.0,0.0,1.0
2008-07-09,7.04,7.52,7.04,7.4,6.59,43300.0,0.0,1.0
2008-07-10,7.36,7.75,7.36,7.5,6.6791,101200.0,0.0,1.0
2008-07-11,7.48,7.62,6.94,7.44,6.6256,57900.0,0.0,1.0
2008-07-14,7.55,7.61,7.34,7.48,6.6613,63700.0,0.0,1.0
2008-07-15,7.82,7.9,7.19,7.65,6.8127,78200.0,0.0,1.0
2008-07-16,7.68,8.29,7.59,8.09,7.2045,83900.0,0.0,1.0
2008-07-17,8.16,8.5,8.16,8.49,7.5607,105900.0,0.0,1.0
2008-07-18,8.52,8.6,8.26,8.42,7.4984,51800.0,0.0,1.0
2008-07-21,8.51,8.75,8.26,8.72,7.7655,31300.0,0.0,1.0
2008-07-22,8.44,8.76,8.44,8.74,7.7833,30100.0,0.0,1.0
2008-07-23,8.4,9.0,8.38,8.81,7.8457,43100.0,0.0,1.0
2008-07-24,8.95,8.97,7.98,8.83,7.8635,93000.0,0.0,1.0
2008-07-25,8.9,8.92,8.39,8.82,7.8546,68200.0,0.0,1.0
2008-07-28,8.77,8.8,8.55,8.68,7.7299,48900.0,0.0,1.0
2008-07-29,8.75,8.85,8.64,8.75,7.7923,62800.0,0.0,1.0
2008-07-30,8.57,9.0,8.57,8.82,7.9116,45800.0,0.063,1.0
2008-07-31,8.93,9.03,8.63,9.0,8.073,76600.0,0.0,1.0
2008-08-01,8.98,9.11,8.78,8.99,8.064,65700.0,0.0,1.0
2008-08-04,8.95,9.47,8.95,9.42,8.4498,97200.0,0.0,1.0
2008-08-05,9.43,9.84,9.11,9.12,8.1807,86800.0,0.0,1.0
2008-08-06,9.0,9.48,9.0,9.48,8.5036,74200.0,0.0,1.0
2008-08-07,9.23,9.37,8.9,9.15,8.2076,67500.0,0.0,1.0
2008-08-08,9.17,9.3,8.75,8.79,7.8846,56400.0,0.0,1.0
2008-08-11,8.98,9.7,8.97,9.63,8.6381,58400.0,0.0,1.0
2008-08-12,9.95,10.0,9.21,9.24,8.2883,61700.0,0.0,1.0
2008-08-13,9.18,9.18,8.5,8.85,7.9385,84900.0,0.0,1.0
2008-08-14,8.78,8.84,8.62,8.8,7.8936,36300.0,0.0,1.0
2008-08-15,8.77,9.29,8.77,9.23,8.2793,62000.0,0.0,1.0
2008-08-18,9.28,9.37,8.9,9.0,8.073,25800.0,0.0,1.0
2008-08-19,8.66,9.15,8.59,8.95,8.0282,24200.0,0.0,1.0
2008-08-20,8.79,9.39,8.78,9.12,8.1807,44300.0,0.0,1.0
2008-08-21,9.03,9.37,9.03,9.32,8.3601,52000.0,0.0,1.0
2008-08-22,9.27,9.58,9.14,9.33,8.369,64900.0,0.0,1.0
2008-08-25,9.32,9.76,9.32,9.43,8.4587,85800.0,0.0,1.0
2008-08-26,9.32,9.6,9.31,9.48,8.5036,56900.0,0.0,1.0
2008-08-27,8.88,9.38,8.88,9.32,8.3601,26500.0,0.0,1.0
2008-08-28,9.42,9.9,9.16,9.56,8.5753,27800.0,0.0,1.0
2008-08-29,9.5,9.95,9.5,9.69,8.6919,29100.0,0.0,1.0
2008-09-02,9.83,10.17,9.83,9.96,8.9341,30900.0,0.0,1.0
2008-09-03,9.98,10.86,9.32,10.61,9.5172,35300.0,0.0,1.0
2008-09-04,10.39,10.39,9.7,9.7,8.7009,67900.0,0.0,1.0
2008-09-05,9.83,10.3,9.83,10.2,9.1494,24000.0,0.0,1.0
2008-09-08,10.47,10.48,9.75,9.91,8.8893,28000.0,0.0,1.0
2008-09-09,10.38,10.46,9.96,10.22,9.1674,27000.0,0.0,1.0
2008-09-10,10.26,10.43,9.22,9.48,8.5036,32700.0,0.0,1.0
2008-09-11,9.46,9.52,9.36,9.47,8.4946,41900.0,0.0,1.0
2008-09-12,9.56,9.94,9.56,9.84,8.8265,37000.0,0.0,1.0
2008-09-15,9.58,10.01,9.57,9.76,8.7547,14700.0,0.0,1.0
2008-09-16,9.59,9.93,9.43,9.8,8.7906,27800.0,0.0,1.0
2008-09-17,9.38,10.0,9.29,9.59,8.6022,68200.0,0.0,1.0
2008-09-18,9.78,10.4,9.73,9.95,8.9252,87600.0,0.0,1.0
2008-09-19,10.25,10.25,9.81,10.06,9.0238,37600.0,0.0,1.0
2008-09-22,9.89,9.97,9.45,9.48,8.5036,9300.0,0.0,1.0
2008-09-23,9.84,10.0,9.69,9.82,8.8086,30600.0,0.0,1.0
2008-09-24,9.72,9.74,9.45,9.61,8.6202,16500.0,0.0,1.0
2008-09-25,8.83,9.89,8.83,9.68,8.683,21000.0,0.0,1.0
2008-09-26,9.57,9.9,9.12,9.69,8.6919,27400.0,0.0,1.0
2008-09-29,9.6,10.0,9.6,9.6,8.6112,21700.0,0.0,1.0
2008-09-30,9.9,9.9,8.9,9.75,8.7458,38500.0,0.0,1.0
2008-10-01,9.94,10.02,9.75,9.76,8.7547,64700.0,0.0,1.0
2008-10-02,9.96,10.0,9.6,9.64,8.6471,32500.0,0.0,1.0
2008-10-03,9.63,9.98,9.19,9.47,8.4946,31000.0,0.0,1.0
2008-10-06,9.75,9.75,8.66,9.4,8.4318,68100.0,0.0,1.0
2008-10-07,9.22,9.44,8.8,9.02,8.091,52700.0,0.0,1.0
2008-10-08,9.03,9.03,8.26,8.56,7.6783,30100.0,0.0,1.0
2008-10-09,8.47,8.75,8.06,8.28,7.4272,22200.0,0.0,1.0
2008-10-10,7.71,8.54,4.95,7.81,7.0056,49000.0,0.0,1.0
2008-10-13,7.82,8.54,7.82,8.1,7.2657,15700.0,0.0,1.0
2008-10-14,7.57,8.3,7.36,7.36,6.6019,99300.0,0.0,1.0
2008-10-15,7.25,7.25,6.27,6.49,5.8215,11300.0,0.0,1.0
2008-10-16,6.34,7.25,5.5,5.94,5.3282,59800.0,0.0,1.0
2008-10-17,6.43,6.43,5.55,5.93,5.3192,68700.0,0.0,1.0
2008-10-20,6.21,6.26,5.46,6.04,5.4179,51200.0,0.0,1.0
2008-10-21,5.94,5.98,5.6,5.87,5.2654,60400.0,0.0,1.0
2008-10-22,5.87,6.0,5.6,5.9,5.2923,19800.0,0.0,1.0
2008-10-23,6.19,6.33,6.05,6.21,5.5704,35200.0,0.0,1.0
2008-10-24,5.58,6.24,5.58,6.0,5.382,14400.0,0.0,1.0
2008-10-27,6.24,6.33,5.33,5.5,4.9335,27500.0,0.0,1.0
2008-10-28,5.5,5.57,5.41,5.41,4.8528,83800.0,0.0,1.0
2008-10-29,5.5,5.5,5.01,5.07,4.5478,45500.0,0.0,1.0
2008-10-30,5.03,5.17,4.78,4.89,4.3863,44300.0,0.0,1.0
2008-10-31,4.91,4.91,4.77,4.9,4.3953,69300.0,0.0,1.0
2008-11-03,4.77,5.33,4.77,5.25,4.7093,35200.0,0.0,1.0
2008-11-04,5.49,5.55,5.09,5.3,4.7541,60900.0,0.0,1.0
2008-11-05,5.11,5.71,5.11,5.35,4.799,33900.0,0.0,1.0
2008-11-06,5.04,5.38,5.01,5.28,4.7362,18900.0,0.0,1.0
2008-11-07,5.08,5.13,4.56,4.86,4.3594,69000.0,0.0,1.0
2008-11-10,4.77,5.02,4.26,4.6,4.1262,32800.0,0.0,1.0
2008-11-11,4.6,4.99,4.36,4.95,4.4402,26000.0,0.0,1.0
2008-11-12,4.72,4.85,4.3,4.32,3.925,24400.0,0.063,1.0
2008-11-13,4.25,4.63,3.97,4.63,4.2067,23500.0,0.0,1.0
2008-11-14,4.84,4.84,4.36,4.51,4.0976,16600.0,0.0,1.0
2008-11-17,4.65,4.65,4.08,4.51,4.0976,11700.0,0.0,1.0
2008-11-18,3.83,4.9,3.83,4.9,4.452,21600.0,0.0,1.0
2008-11-19,3.66,4.35,3.66,4.1,3.7251,24100.0,0.0,1.0
2008-11-20,3.76,4.03,3.53,3.75,3.4071,28100.0,0.0,1.0
2008-11-21,3.21,4.88,3.02,4.02,3.6524,50000.0,0.0,1.0
2008-11-24,4.18,4.39,3.69,4.16,3.7796,31000.0,0.0,1.0
2008-11-25,4.09,4.12,3.84,3.95,3.5888,31800.0,0.0,1.0
2008-11-26,3.81,3.91,3.58,3.62,3.289,20500.0,0.0,1.0
2008-11-28,3.69,3.86,3.5,3.55,3.2254,10500.0,0.0,1.0
2008-12-01,3.71,3.76,3.36,3.75,3.4071,47500.0,0.0,1.0
2008-12-02,3.71,3.71,3.0,3.15,2.862,59500.0,0.0,1.0
2008-12-03,3.19,3.3,3.11,3.12,2.8347,18800.0,0.0,1.0
2008-12-04,3.19,3.36,3.1,3.26,2.9619,10000.0,0.0,1.0
2008-12-05,3.24,3.42,3.06,3.3,2.9983,12400.0,0.0,1.0
2008-12-08,3.42,3.5,3.35,3.45,3.1346,32000.0,0.0,1.0
2008-12-09,3.5,3.74,3.4,3.6,3.2708,37300.0,0.0,1.0
2008-12-10,3.96,3.96,3.65,3.67,3.3344,15700.0,0.0,1.0
2008-12-11,3.81,3.96,3.7,3.78,3.4344,16100.0,0.0,1.0
2008-12-12,3.96,3.96,3.54,3.59,3.2617,41200.0,0.0,1.0
2008-12-15,3.95,3.96,3.46,3.63,3.2981,10900.0,0.0,1.0
2008-12-16,3.8,3.8,3.56,3.69,3.3526,9000.0,0.0,1.0
2008-12-17,3.79,3.8,3.55,3.55,3.2254,28500.0,0.0,1.0
2008-12-18,3.48,3.7,3.25,3.32,3.0164,27400.0,0.0,1.0
2008-12-19,3.32,3.77,3.32,3.77,3.4253,23300.0,0.0,1.0
2008-12-22,3.76,3.96,3.4,3.52,3.1981,36400.0,0.0,1.0
2008-12-23,3.59,3.64,3.34,3.35,3.0437,21000.0,0.0,1.0
2008-12-24,3.4,3.69,3.35,3.64,3.3072,8600.0,0.0,1.0
2008-12-26,3.63,3.64,3.51,3.6,3.2708,6000.0,0.0,1.0
2008-12-29,3.56,3.56,3.2,3.3,2.9983,43400.0,0.0,1.0
2008-12-30,3.28,3.52,3.0,3.0,2.7257,64800.0,0.0,1.0
2008-12-31,3.08,3.54,3.08,3.54,3.2163,82200.0,0.0,1.0
2009-01-02,3.43,3.79,3.37,3.73,3.3889,22900.0,0.0,1.0
2009-01-05,3.75,3.78,3.75,3.77,3.4253,14400.0,0.0,1.0
2009-01-06,3.76,3.96,3.76,3.92,3.5616,24500.0,0.0,1.0
2009-01-07,3.5,3.77,3.25,3.25,2.9528,9900.0,0.0,1.0
2009-01-08,3.45,3.45,3.14,3.2,2.9074,35100.0,0.0,1.0
2009-01-09,3.27,3.27,3.19,3.2,2.9074,110800.0,0.0,1.0
2009-01-12,3.19,3.27,3.0,3.05,2.7711,13200.0,0.0,1.0
2009-01-13,3.06,3.06,3.0,3.01,2.7348,151800.0,0.0,1.0
2009-01-14,3.04,3.1,2.55,2.55,2.3168,62400.0,0.0,1.0
2009-01-15,2.58,3.11,2.55,3.11,2.8256,26900.0,0.0,1.0
2009-01-16,3.24,3.24,2.9,2.92,2.653,23200.0,0.0,1.0
2009-01-20,2.83,2.83,2.41,2.41,2.1896,9100.0,0.0,1.0
2009-01-21,2.43,3.0,2.3,2.92,2.653,70000.0,0.0,1.0
2009-01-22,2.81,2.92,2.75,2.9,2.6348,15900.0,0.0,1.0
2009-01-23,2.95,2.95,2.52,2.52,2.2896,9400.0,0.0,1.0
2009-01-26,2.65,2.65,2.32,2.4,2.1806,6400.0,0.0,1.0
2009-01-27,2.35,2.52,2.01,2.09,1.8989,34000.0,0.0,1.0
2009-01-28,2.04,2.1,1.81,1.96,1.7808,69800.0,0.0,1.0
2009-01-29,1.95,2.02,1.8,1.8,1.6354,156700.0,0.0,1.0
2009-01-30,1.82,1.82,1.75,1.75,1.59,2800.0,0.0,1.0
2009-02-02,1.75,2.56,1.66,2.0,1.8171,71700.0,0.0,1.0
2009-02-03,2.08,2.15,2.02,2.04,1.8535,27600.0,0.0,1.0
2009-02-04,2.03,2.03,1.89,1.9,1.7263,20100.0,0.0,1.0
2009-02-05,1.84,1.84,1.72,1.82,1.6536,23100.0,0.0,1.0
2009-02-06,1.87,2.26,1.87,1.97,1.7899,11200.0,0.0,1.0
2009-02-09,1.93,1.93,1.76,1.88,1.7081,5700.0,0.0,1.0
2009-02-10,1.84,1.84,1.77,1.83,1.6627,24100.0,0.0,1.0
2009-02-11,1.84,1.84,1.74,1.74,1.5809,29400.0,0.0,1.0
2009-02-12,1.78,1.81,1.71,1.71,1.5536,12600.0,0.0,1.0
2009-02-13,1.74,1.77,1.6,1.77,1.6082,26500.0,0.0,1.0
2009-02-17,1.76,1.76,1.76,1.76,1.5991,400.0,0.0,1.0
2009-02-18,1.75,1.77,1.7,1.71,1.5536,3300.0,0.0,1.0
2009-02-19,1.71,1.71,1.57,1.57,1.4264,2500.0,0.0,1.0
2009-02-20,1.53,1.67,1.52,1.56,1.4174,17500.0,0.0,1.0
2009-02-23,1.51,1.67,1.51,1.57,1.4264,6800.0,0.0,1.0
2009-02-24,1.51,1.59,1.51,1.51,1.3719,7800.0,0.0,1.0
2009-02-25,1.41,1.66,1.34,1.45,1.3174,36300.0,0.0,1.0
2009-02-26,1.45,1.45,1.44,1.44,1.3083,5600.0,0.0,1.0
2009-02-27,1.44,1.45,1.42,1.42,1.2902,16100.0,0.0,1.0
2009-03-02,1.42,1.44,1.25,1.26,1.1448,59400.0,0.0,1.0
2009-03-03,1.26,1.28,1.13,1.17,1.063,34000.0,0.0,1.0
2009-03-04,1.17,1.33,1.16,1.21,1.0994,18500.0,0.0,1.0
2009-03-05,1.24,1.25,1.09,1.15,1.0449,14300.0,0.0,1.0
2009-03-06,1.1,1.16,0.97,1.0,0.9086,44200.0,0.0,1.0
2009-03-09,1.04,1.2,1.04,1.14,1.0358,87200.0,0.0,1.0
2009-03-10,1.15,1.23,1.08,1.19,1.0812,526600.0,0.0,1.0
2009-03-11,1.19,1.19,1.17,1.19,1.0812,1600.0,0.0,1.0
2009-03-12,1.15,1.22,1.1,1.1,0.9994,19100.0,0.0,1.0
2009-03-13,1.02,1.08,0.98,0.99,0.8995,16200.0,0.0,1.0
2009-03-16,0.97,1.05,0.97,1.0,0.9086,160900.0,0.0,1.0
2009-03-17,1.02,1.02,0.98,1.0,0.9086,3000.0,0.0,1.0
2009-03-18,1.0,1.32,1.0,1.1,0.9994,246300.0,0.0,1.0
2009-03-19,1.06,1.07,1.0,1.0,0.9086,99800.0,0.0,1.0
2009-03-20,1.04,1.11,1.02,1.1,0.9994,97500.0,0.0,1.0
2009-03-23,1.19,1.33,1.1,1.2,1.0903,154800.0,0.0,1.0
2009-03-24,1.3,1.3,1.15,1.2,1.0903,122600.0,0.0,1.0
2009-03-25,1.25,1.31,1.25,1.28,1.163,32000.0,0.0,1.0
2009-03-26,1.34,1.47,1.24,1.45,1.3174,47800.0,0.0,1.0
2009-03-27,1.5,1.5,1.27,1.3,1.1811,96200.0,0.0,1.0
2009-03-30,1.3,1.3,1.17,1.26,1.1448,52100.0,0.0,1.0
2009-03-31,1.3,1.5,1.3,1.39,1.2629,62700.0,0.0,1.0
2009-04-01,1.38,1.85,1.38,1.85,1.6808,122300.0,0.0,1.0
2009-04-02,1.86,2.39,1.86,2.21,2.0079,232900.0,0.0,1.0
2009-04-03,2.27,2.3,2.1,2.19,1.9898,118000.0,0.0,1.0
2009-04-06,2.25,2.42,2.14,2.18,1.9807,155700.0,0.0,1.0
2009-04-07,2.1,2.35,2.04,2.18,1.9807,95700.0,0.0,1.0
2009-04-08,2.18,2.32,2.18,2.23,2.0261,85800.0,0.0,1.0
2009-04-09,2.35,2.56,2.31,2.36,2.1442,197100.0,0.0,1.0
2009-04-13,2.42,2.42,2.35,2.42,2.1987,146600.0,0.0,1.0
2009-04-14,2.42,2.42,2.37,2.4,2.1806,31700.0,0.0,1.0
2009-04-15,2.38,2.4,2.31,2.32,2.1079,41800.0,0.0,1.0
2009-04-16,2.32,2.56,2.32,2.5,2.2714,115800.0,0.0,1.0
2009-04-17,2.54,2.99,2.32,2.96,2.6894,93400.0,0.0,1.0
2009-04-20,2.99,2.99,2.8,2.83,2.5712,70700.0,0.0,1.0
2009-04-21,2.78,2.9,2.59,2.9,2.6348,73700.0,0.0,1.0
2009-04-22,2.74,2.9,2.68,2.69,2.444,22600.0,0.0,1.0
2009-04-23,2.57,2.86,2.57,2.82,2.5622,37900.0,0.0,1.0
2009-04-24,2.87,2.91,2.79,2.87,2.6076,23600.0,0.0,1.0
2009-04-27,2.91,2.96,2.85,2.9,2.6348,71100.0,0.0,1.0
2009-04-28,2.94,2.94,2.87,2.88,2.6167,37800.0,0.0,1.0
2009-04-29,2.89,2.92,2.86,2.86,2.5985,49400.0,0.0,1.0
2009-04-30,2.87,2.87,2.79,2.84,2.5803,10200.0,0.0,1.0
2009-05-01,2.77,2.9,2.77,2.83,2.5712,32500.0,0.0,1.0
2009-05-04,2.91,2.91,2.82,2.85,2.5894,25900.0,0.0,1.0
2009-05-05,2.85,2.85,2.71,2.73,2.4804,62500.0,0.0,1.0
2009-05-06,2.77,2.77,2.6,2.64,2.3986,62700.0,0.0,1.0
2009-05-07,2.6,2.85,2.6,2.65,2.4077,113000.0,0.0,1.0
2009-05-08,2.68,2.72,2.45,2.6,2.3623,123900.0,0.0,1.0
2009-05-11,3.0,3.0,2.56,2.62,2.3804,299400.0,0.0,1.0
2009-05-12,2.98,2.98,2.68,2.8,2.544,97800.0,0.0,1.0
2009-05-13,2.76,2.81,2.64,2.67,2.4259,97900.0,0.0,1.0
2009-05-14,2.8,2.8,2.71,2.75,2.4986,75400.0,0.0,1.0
2009-05-15,2.69,2.77,2.66,2.7,2.4531,24500.0,0.0,1.0
2009-05-18,2.7,2.88,2.65,2.7,2.4531,102700.0,0.0,1.0
2009-05-19,2.75,2.8,2.68,2.71,2.4622,82800.0,0.0,1.0
2009-05-20,2.86,2.94,2.75,2.94,2.6712,58300.0,0.0,1.0
2009-05-21,2.88,3.19,2.88,3.04,2.762,80800.0,0.0,1.0
2009-05-22,3.11,3.11,3.0,3.04,2.762,44900.0,0.0,1.0
2009-05-26,3.05,3.05,2.85,2.96,2.6894,127300.0,0.0,1.0
2009-05-27,3.01,3.12,2.92,3.05,2.7711,30700.0,0.0,1.0
2009-05-28,3.01,3.64,2.98,3.64,3.3072,41700.0,0.0,1.0
2009-05-29,3.6,3.88,3.34,3.35,3.0437,86300.0,0.0,1.0
2009-06-01,3.35,3.67,3.3,3.45,3.1346,55900.0,0.0,1.0
2009-06-02,3.43,3.45,3.1,3.4,3.0891,84400.0,0.0,1.0
2009-06-03,3.31,3.7,3.03,3.7,3.3617,34700.0,0.0,1.0
2009-06-04,3.7,3.75,3.5,3.75,3.4071,67400.0,0.0,1.0
2009-06-05,3.73,3.73,3.59,3.68,3.3435,116300.0,0.0,1.0
2009-06-08,3.6,3.82,3.55,3.82,3.4707,47500.0,0.0,1.0
2009-06-09,3.78,4.25,3.76,3.83,3.4798,35000.0,0.0,1.0
2009-06-10,3.81,4.15,3.71,4.15,3.7705,136500.0,0.0,1.0
2009-06-11,4.16,4.59,4.15,4.5,4.0885,93100.0,0.0,1.0
2009-06-12,4.51,4.59,4.28,4.36,3.9613,42600.0,0.0,1.0
2009-06-15,4.3,4.3,3.93,4.17,3.7887,20900.0,0.0,1.0
2009-06-16,4.17,4.24,4.06,4.24,3.8523,12000.0,0.0,1.0
2009-06-17,3.96,4.32,3.93,4.13,3.7524,20400.0,0.0,1.0
2009-06-18,4.07,4.16,3.9,3.97,3.607,22800.0,0.0,1.0
2009-06-19,3.92,3.96,3.85,3.95,3.5888,6100.0,0.0,1.0
2009-06-22,3.83,3.87,3.67,3.67,3.3344,20900.0,0.0,1.0
2009-06-23,3.82,3.82,3.58,3.58,3.2527,12300.0,0.0,1.0
2009-06-24,3.67,4.04,3.66,4.03,3.6615,23900.0,0.0,1.0
2009-06-25,4.06,4.13,3.77,3.86,3.5071,27600.0,0.0,1.0
2009-06-26,3.75,3.86,3.7,3.83,3.4798,36300.0,0.0,1.0
2009-06-29,3.85,3.95,3.85,3.91,3.5525,63700.0,0.0,1.0
2009-06-30,3.96,4.08,3.94,4.07,3.6979,10100.0,0.0,1.0
2009-07-01,4.09,4.16,3.88,3.94,3.5797,9500.0,0.0,1.0
2009-07-02,3.94,3.94,3.77,3.77,3.4253,1400.0,0.0,1.0
2009-07-06,3.8,3.8,3.47,3.59,3.2617,12700.0,0.0,1.0
2009-07-07,3.53,4.1,3.33,3.7,3.3617,67000.0,0.0,1.0
2009-07-08,3.68,3.75,3.56,3.75,3.4071,58100.0,0.0,1.0
2009-07-09,3.69,3.77,3.52,3.73,3.3889,29400.0,0.0,1.0
2009-07-10,3.63,3.63,3.5,3.6,3.2708,7500.0,0.0,1.0
2009-07-13,3.55,3.73,3.55,3.61,3.2799,3000.0,0.0,1.0
2009-07-14,3.7,3.73,3.62,3.73,3.3889,19700.0,0.0,1.0
2009-07-15,3.7,3.76,3.7,3.73,3.3889,15000.0,0.0,1.0
2009-07-16,3.95,4.19,3.86,4.07,3.6979,46800.0,0.0,1.0
2009-07-17,4.07,4.07,3.99,4.02,3.6524,5400.0,0.0,1.0
2009-07-20,3.95,3.96,3.51,3.9,3.5434,37800.0,0.0,1.0
2009-07-21,3.89,3.98,3.75,3.9,3.5434,256400.0,0.0,1.0
2009-07-22,3.9,3.9,3.82,3.85,3.498,14500.0,0.0,1.0
2009-07-23,3.85,3.85,3.74,3.74,3.398,18300.0,0.0,1.0
2009-07-24,3.7,3.8,3.67,3.76,3.4162,10800.0,0.0,1.0
2009-07-27,3.75,4.34,3.75,3.94,3.5797,68000.0,0.0,1.0
2009-07-28,3.83,4.15,3.83,3.95,3.5888,25000.0,0.0,1.0
2009-07-29,3.99,4.07,3.99,4.05,3.6797,3500.0,0.0,1.0
2009-07-30,4.13,4.14,4.11,4.13,3.7524,3600.0,0.0,1.0
2009-07-31,4.15,4.2,4.15,4.2,3.816,1300.0,0.0,1.0
2009-08-03,4.18,4.39,4.05,4.2,3.816,121300.0,0.0,1.0
2009-08-04,4.12,4.27,4.12,4.27,3.8796,100100.0,0.0,1.0
2009-08-05,4.27,4.53,4.23,4.53,4.1158,50000.0,0.0,1.0
2009-08-06,4.4,4.96,4.11,4.96,4.5065,95600.0,0.0,1.0
2009-08-07,4.8,5.3,4.75,5.3,4.8154,31400.0,0.0,1.0
2009-08-10,5.33,5.5,4.97,5.32,4.8336,19600.0,0.0,1.0
2009-08-11,5.13,5.42,4.98,5.24,4.7609,19500.0,0.0,1.0
2009-08-12,5.21,5.72,5.2,5.59,5.0789,34200.0,0.0,1.0
2009-08-13,5.61,5.89,5.21,5.5,4.9971,77700.0,0.0,1.0
2009-08-14,5.5,5.5,5.0,5.4,4.9063,31500.0,0.0,1.0
2009-08-17,5.4,5.4,5.2,5.33,4.8427,23100.0,0.0,1.0
2009-08-18,5.27,5.4,5.27,5.35,4.8608,57700.0,0.0,1.0
2009-08-19,5.32,5.4,4.82,5.11,4.6428,86600.0,0.0,1.0
2009-08-20,5.03,5.16,4.97,5.15,4.6791,28200.0,0.0,1.0
2009-08-21,5.13,5.53,5.1,5.53,5.0244,23100.0,0.0,1.0
2009-08-24,5.6,5.73,5.48,5.53,5.0244,33500.0,0.0,1.0
2009-08-25,5.47,5.72,5.47,5.72,5.197,35100.0,0.0,1.0
2009-08-26,5.75,5.95,5.72,5.84,5.306,25400.0,0.0,1.0
2009-08-27,5.6,5.77,5.6,5.73,5.2061,35600.0,0.0,1.0
2009-08-28,5.7,5.73,5.65,5.7,5.1788,19000.0,0.0,1.0
2009-08-31,5.68,5.75,5.65,5.73,5.2061,17700.0,0.0,1.0
2009-09-01,5.65,5.65,5.51,5.65,5.1334,8400.0,0.0,1.0
2009-09-02,5.55,5.61,5.45,5.59,5.0789,12800.0,0.0,1.0
2009-09-03,5.53,5.7,5.42,5.7,5.1788,6300.0,0.0,1.0
2009-09-04,5.6,5.75,5.6,5.7,5.1788,6700.0,0.0,1.0
2009-09-08,5.67,5.89,5.67,5.7,5.1788,31000.0,0.0,1.0
2009-09-09,5.56,5.85,5.53,5.8,5.2697,7000.0,0.0,1.0
2009-09-10,5.74,5.8,5.72,5.77,5.2424,9200.0,0.0,1.0
2009-09-11,5.72,5.85,5.72,5.83,5.2969,4000.0,0.0,1.0
2009-09-14,5.26,5.82,5.26,5.73,5.2061,6500.0,0.0,1.0
2009-09-15,5.7,5.7,5.49,5.54,5.0335,14100.0,0.0,1.0
2009-09-16,5.7,5.81,5.6,5.73,5.2061,9300.0,0.0,1.0
2009-09-17,5.58,5.8,5.43,5.73,5.2061,20000.0,0.0,1.0
2009-09-18,5.77,5.8,5.3,5.53,5.0244,37400.0,0.0,1.0
2009-09-21,5.6,5.85,5.55,5.72,5.197,22200.0,0.0,1.0
2009-09-22,5.72,5.72,5.65,5.72,5.197,12000.0,0.0,1.0
2009-09-23,5.69,5.72,5.5,5.72,5.197,85300.0,0.0,1.0
2009-09-24,5.7,5.75,5.6,5.75,5.2243,22800.0,0.0,1.0
2009-09-25,5.75,5.75,5.57,5.72,5.197,57400.0,0.0,1.0
2009-09-28,5.7,5.75,5.58,5.67,5.1516,21600.0,0.0,1.0
2009-09-29,5.73,5.74,5.64,5.72,5.197,15200.0,0.0,1.0
2009-09-30,5.66,5.72,5.66,5.71,5.1879,2000.0,0.0,1.0
2009-10-01,5.71,5.71,5.34,5.5,4.9971,15500.0,0.0,1.0
2009-10-02,5.58,5.75,5.35,5.52,5.0153,22200.0,0.0,1.0
2009-10-05,5.65,5.71,5.48,5.71,5.1879,17500.0,0.0,1.0
2009-10-06,5.74,5.75,5.58,5.75,5.2243,26700.0,0.0,1.0
2009-10-07,5.64,5.74,5.45,5.69,5.1697,4500.0,0.0,1.0
2009-10-08,5.72,5.75,5.67,5.68,5.1607,6300.0,0.0,1.0
2009-10-09,5.74,5.75,5.71,5.74,5.2152,7100.0,0.0,1.0
2009-10-12,5.75,5.75,5.65,5.75,5.2243,15600.0,0.0,1.0
2009-10-13,5.73,5.98,5.69,5.98,5.4332,31400.0,0.0,1.0
2009-10-14,6.0,6.7,5.95,6.5,5.9057,69100.0,0.0,1.0
2009-10-15,6.36,6.86,6.36,6.75,6.1328,52100.0,0.0,1.0
2009-10-16,6.67,6.9,6.57,6.57,5.9693,30500.0,0.0,1.0
2009-10-19,6.7,6.9,6.44,6.55,5.9511,24900.0,0.0,1.0
2009-10-20,6.5,6.68,6.44,6.5,5.9057,13500.0,0.0,1.0
2009-10-21,6.51,6.51,6.13,6.38,5.7966,26600.0,0.0,1.0
2009-10-22,6.28,6.48,6.2,6.34,5.7603,13600.0,0.0,1.0
2009-10-23,6.55,6.55,6.22,6.34,5.7603,16900.0,0.0,1.0
2009-10-26,6.3,6.4,6.23,6.24,5.6694,11200.0,0.0,1.0
2009-10-27,6.2,6.23,6.02,6.11,5.5513,20300.0,0.0,1.0
2009-10-28,6.13,6.22,6.13,6.2,5.6331,25900.0,0.0,1.0
2009-10-29,6.07,6.23,6.02,6.02,5.4696,9400.0,0.0,1.0
2009-10-30,6.07,6.25,6.04,6.07,5.515,56200.0,0.0,1.0
2009-11-02,6.01,6.25,5.91,6.25,5.6785,129900.0,0.0,1.0
2009-11-03,6.18,6.25,6.17,6.25,5.6785,31600.0,0.0,1.0
2009-11-04,6.34,6.6,6.32,6.5,5.9057,35900.0,0.0,1.0
2009-11-05,6.88,6.88,6.75,6.75,6.1328,31600.0,0.0,1.0
2009-11-06,6.78,6.83,6.37,6.79,6.1692,23000.0,0.0,1.0
2009-11-09,6.29,6.87,6.24,6.75,6.1328,30700.0,0.0,1.0
2009-11-10,6.68,6.8,6.58,6.8,6.1782,14300.0,0.0,1.0
2009-11-11,6.78,6.88,6.73,6.86,6.2328,6900.0,0.0,1.0
2009-11-12,6.85,6.87,6.8,6.81,6.1873,3300.0,0.0,1.0
2009-11-13,6.76,7.0,6.57,6.75,6.1328,17600.0,0.0,1.0
2009-11-16,6.77,6.9,6.77,6.77,6.151,9800.0,0.0,1.0
2009-11-17,6.59,6.84,6.59,6.78,6.1601,9800.0,0.0,1.0
2009-11-18,6.73,6.79,6.69,6.76,6.1419,2100.0,0.0,1.0
2009-11-19,6.67,6.94,6.47,6.6,5.9965,17400.0,0.0,1.0
2009-11-20,6.6,6.81,6.6,6.75,6.1328,13200.0,0.0,1.0
2009-11-23,6.78,6.8,6.72,6.73,6.1146,17100.0,0.0,1.0
2009-11-24,6.5,6.74,6.5,6.68,6.0692,11100.0,0.0,1.0
2009-11-25,6.7,6.7,6.47,6.5,5.9057,68200.0,0.0,1.0
2009-11-27,6.4,6.41,6.21,6.41,5.8239,20100.0,0.0,1.0
2009-11-30,6.44,6.44,6.2,6.31,5.733,57000.0,0.0,1.0
2009-12-01,6.33,6.38,6.1,6.25,5.6785,11300.0,0.0,1.0
2009-12-02,6.31,6.4,6.15,6.34,5.7603,10900.0,0.0,1.0
2009-12-03,6.44,6.56,6.2,6.55,5.9511,67000.0,0.0,1.0
2009-12-04,6.73,6.74,6.37,6.74,6.1237,16100.0,0.0,1.0
2009-12-07,6.67,6.74,6.4,6.4,5.8148,27800.0,0.0,1.0
2009-12-08,6.45,6.45,6.32,6.45,5.8602,56000.0,0.0,1.0
2009-12-09,6.21,6.52,6.21,6.52,5.9238,13300.0,0.0,1.0
2009-12-10,6.42,6.55,6.26,6.26,5.6876,12600.0,0.0,1.0
2009-12-11,6.31,6.47,6.2,6.37,5.7876,25100.0,0.0,1.0
2009-12-14,6.3,6.69,6.26,6.55,5.9511,55200.0,0.0,1.0
2009-12-15,6.5,6.57,6.47,6.56,5.9602,157500.0,0.0,1.0
2009-12-16,6.54,6.89,6.5,6.6,5.9965,10000.0,0.0,1.0
2009-12-17,6.59,6.64,6.32,6.6,5.9965,14800.0,0.0,1.0
2009-12-18,6.62,6.77,6.62,6.64,6.0329,16100.0,0.0,1.0
2009-12-21,6.26,6.75,6.26,6.75,6.1328,16600.0,0.0,1.0
2009-12-22,6.74,6.79,6.71,6.75,6.1328,19000.0,0.0,1.0
2009-12-23,6.74,6.86,6.74,6.85,6.2237,27400.0,0.0,1.0
2009-12-24,6.61,6.9,6.61,6.86,6.2328,2800.0,0.0,1.0
2009-12-28,6.93,6.95,6.88,6.92,6.2873,13300.0,0.0,1.0
2009-12-29,6.96,7.19,6.92,7.19,6.5326,20100.0,0.0,1.0
2009-12-30,7.18,7.4,7.18,7.19,6.5326,5200.0,0.0,1.0
2009-12-31,7.23,7.25,7.0,7.15,6.4962,13000.0,0.0,1.0
2010-01-04,7.25,7.25,7.01,7.12,6.469,3700.0,0.0,1.0
2010-01-05,7.0,7.0,6.77,6.91,6.2782,7800.0,0.0,1.0
2010-01-06,6.98,6.98,6.66,6.83,6.2055,10300.0,0.0,1.0
2010-01-07,6.75,6.83,6.43,6.61,6.0056,162200.0,0.0,1.0
2010-01-08,6.63,6.88,6.63,6.88,6.2509,5500.0,0.0,1.0
2010-01-11,6.97,6.97,6.71,6.71,6.0965,9000.0,0.0,1.0
2010-01-12,6.72,6.92,6.71,6.73,6.1146,4100.0,0.0,1.0
2010-01-13,6.73,6.87,6.73,6.84,6.2146,3800.0,0.0,1.0
2010-01-14,6.74,6.97,6.74,6.86,6.2328,3000.0,0.0,1.0
2010-01-15,6.77,6.77,6.58,6.75,6.1328,39100.0,0.0,1.0
2010-01-19,6.83,6.92,6.66,6.7,6.0874,24100.0,0.0,1.0
2010-01-20,6.75,6.9,6.75,6.9,6.2691,3400.0,0.0,1.0
2010-01-21,6.88,6.93,6.68,6.91,6.2782,9200.0,0.0,1.0
2010-01-22,6.92,7.25,6.88,7.25,6.5871,32600.0,0.0,1.0
2010-01-25,7.25,7.35,7.13,7.35,6.678,22200.0,0.0,1.0
2010-01-26,7.28,7.96,7.28,7.96,7.2322,42100.0,0.0,1.0
2010-01-27,8.03,8.33,8.01,8.25,7.4957,27600.0,0.0,1.0
2010-01-28,8.25,8.25,7.59,7.94,7.214,21300.0,0.0,1.0
2010-01-29,8.8,8.8,7.82,7.98,7.2504,14300.0,0.0,1.0
2010-02-01,7.82,8.3,7.5,8.0,7.2685,8900.0,0.0,1.0
2010-02-02,8.25,8.25,7.79,8.02,7.2867,13100.0,0.0,1.0
2010-02-03,8.2,8.2,7.82,7.92,7.1958,15100.0,0.0,1.0
2010-02-04,7.89,7.97,7.2,7.9,7.1777,29900.0,0.0,1.0
2010-02-05,7.75,7.8,7.42,7.8,7.0868,10600.0,0.0,1.0
2010-02-08,7.96,7.96,7.71,7.85,7.1322,6300.0,0.0,1.0
2010-02-09,7.95,8.0,7.31,7.93,7.2049,4500.0,0.0,1.0
2010-02-10,7.39,8.0,7.38,7.99,7.2594,4100.0,0.0,1.0
2010-02-11,8.0,8.0,7.92,7.98,7.2504,6000.0,0.0,1.0
2010-02-12,7.88,8.0,7.8,7.8,7.0868,6300.0,0.0,1.0
2010-02-16,7.81,7.97,7.8,7.91,7.1868,9100.0,0.0,1.0
2010-02-17,7.76,7.99,7.76,7.9,7.1777,7000.0,0.0,1.0
2010-02-18,7.62,8.0,7.62,7.91,7.1868,8400.0,0.0,1.0
2010-02-19,7.9,7.96,7.1,7.96,7.2322,11600.0,0.0,1.0
2010-02-22,8.0,8.0,7.87,7.95,7.2231,99300.0,0.0,1.0
2010-02-23,7.95,7.97,7.89,7.97,7.2413,16800.0,0.0,1.0
2010-02-24,8.01,8.01,7.93,8.01,7.2776,15800.0,0.0,1.0
2010-02-25,7.46,8.17,7.46,7.95,7.2231,5400.0,0.0,1.0
2010-02-26,7.79,8.06,7.78,8.06,7.323,4200.0,0.0,1.0
2010-03-01,8.17,8.25,8.13,8.13,7.3866,4600.0,0.0,1.0
2010-03-02,8.16,8.3,8.05,8.17,7.423,8900.0,0.0,1.0
2010-03-03,8.2,8.36,8.09,8.28,7.5229,10900.0,0.0,1.0
2010-03-04,8.32,8.84,8.16,8.84,8.0317,41200.0,0.0,1.0
2010-03-05,8.97,9.49,8.97,9.22,8.377,27100.0,0.0,1.0
2010-03-08,9.33,9.71,9.33,9.63,8.7495,17500.0,0.0,1.0
2010-03-09,9.65,9.65,9.29,9.34,8.486,18500.0,0.0,1.0
2010-03-10,9.49,9.72,8.92,9.55,8.6768,46700.0,0.0,1.0
2010-03-11,9.5,9.55,9.0,9.55,8.6768,51700.0,0.0,1.0
2010-03-12,10.48,10.89,10.25,10.61,9.6399,72200.0,0.0,1.0
2010-03-15,10.92,10.92,10.51,10.68,9.7035,18900.0,0.0,1.0
2010-03-16,10.91,10.98,10.68,10.92,9.9215,35800.0,0.0,1.0
2010-03-17,10.89,11.68,10.89,11.65,10.5848,36800.0,0.0,1.0
2010-03-18,11.68,12.0,11.55,12.0,10.9028,77600.0,0.0,1.0
2010-03-19,12.03,12.03,11.5,11.7,10.6302,118000.0,0.0,1.0
2010-03-22,11.71,11.99,11.5,11.67,10.603,55300.0,0.0,1.0
2010-03-23,11.74,11.78,11.61,11.78,10.7029,15000.0,0.0,1.0
2010-03-24,11.83,11.83,10.91,11.11,10.0942,65000.0,0.0,1.0
2010-03-25,11.11,11.87,11.08,11.62,10.5575,47800.0,0.0,1.0
2010-03-26,11.83,11.91,11.57,11.76,10.6847,33000.0,0.0,1.0
2010-03-29,11.76,11.9,11.61,11.86,10.7756,52700.0,0.0,1.0
2010-03-30,11.78,11.98,11.74,11.76,10.6847,64600.0,0.0,1.0
2010-03-31,11.88,11.94,11.65,11.79,10.712,18600.0,0.0,1.0
2010-04-01,11.8,11.9,11.69,11.87,10.7847,64600.0,0.0,1.0
2010-04-05,11.97,12.24,11.9,12.24,11.1208,74600.0,0.0,1.0
2010-04-06,12.24,12.3,12.16,12.29,11.1663,40600.0,0.0,1.0
2010-04-07,12.29,12.41,12.16,12.41,11.2753,43100.0,0.0,1.0
2010-04-08,12.4,12.9,12.36,12.85,11.6751,125600.0,0.0,1.0
2010-04-09,12.92,13.19,12.4,13.19,11.984,93100.0,0.0,1.0
2010-04-12,13.34,13.55,13.2,13.54,12.302,194900.0,0.0,1.0
2010-04-13,13.5,13.54,13.39,13.51,12.2747,63800.0,0.0,1.0
2010-04-14,13.5,13.76,12.86,13.76,12.5019,93100.0,0.0,1.0
2010-04-15,13.6,14.03,13.6,14.03,12.7472,67500.0,0.0,1.0
2010-04-16,13.99,14.21,13.9,13.98,12.7017,56300.0,0.0,1.0
2010-04-19,13.84,13.88,13.07,13.44,12.2111,116200.0,0.0,1.0
2010-04-20,13.38,14.25,12.76,14.24,12.938,168200.0,0.0,1.0
2010-04-21,14.44,14.49,14.19,14.28,12.9743,57300.0,0.0,1.0
2010-04-22,14.13,14.38,14.13,14.3,12.9925,33900.0,0.0,1.0
2010-04-23,14.38,14.86,14.35,14.7,13.3559,104700.0,0.0,1.0
2010-04-26,14.7,15.14,14.63,14.98,13.6103,73800.0,0.0,1.0
2010-04-27,14.94,15.0,14.51,14.57,13.2378,62800.0,0.0,1.0
2010-04-28,14.64,14.76,14.57,14.61,13.2741,28800.0,0.0,1.0
2010-04-29,14.75,14.87,14.64,14.75,13.4013,54900.0,0.0,1.0
2010-04-30,14.68,14.78,14.48,14.53,13.2015,30600.0,0.0,1.0
2010-05-03,14.54,14.76,14.31,14.7,13.3559,61000.0,0.0,1.0
2010-05-04,14.5,14.66,14.3,14.34,13.0288,43400.0,0.0,1.0
2010-05-05,14.3,14.3,13.14,14.0,12.7199,86200.0,0.0,1.0
2010-05-06,13.79,14.14,13.06,13.58,12.3383,138200.0,0.0,1.0
2010-05-07,13.6,14.26,12.88,13.27,12.0567,78800.0,0.0,1.0
2010-05-10,13.4,13.92,13.4,13.5,12.2656,67100.0,0.0,1.0
2010-05-11,13.47,14.16,13.18,13.93,12.6563,59300.0,0.0,1.0
2010-05-12,13.8,14.58,13.8,14.37,13.0561,56800.0,0.0,1.0
2010-05-13,14.45,14.64,14.45,14.55,13.2196,66100.0,0.0,1.0
2010-05-14,14.45,14.79,13.96,14.56,13.2287,43600.0,0.0,1.0
2010-05-17,14.56,14.93,14.5,14.93,13.5649,74900.0,0.0,1.0
2010-05-18,15.0,15.1,14.67,14.88,13.5194,154700.0,0.0,1.0
2010-05-19,14.93,14.93,14.46,14.67,13.3287,72000.0,0.0,1.0
2010-05-20,14.16,14.63,14.04,14.17,12.8744,79600.0,0.0,1.0
2010-05-21,13.85,14.49,13.66,13.91,12.6381,98600.0,0.0,1.0
2010-05-24,13.99,14.27,13.46,13.61,12.3656,71100.0,0.0,1.0
2010-05-25,13.23,13.77,13.0,13.62,12.3747,83200.0,0.0,1.0
2010-05-26,13.79,14.32,13.28,13.28,12.0657,66400.0,0.0,1.0
2010-05-27,13.85,13.97,13.4,13.85,12.5836,43900.0,0.0,1.0
2010-05-28,13.93,14.23,13.65,13.98,12.7017,37900.0,0.0,1.0
2010-06-01,13.98,14.34,13.72,14.03,12.7472,31900.0,0.0,1.0
2010-06-02,14.2,14.37,13.97,14.1,12.8108,22100.0,0.0,1.0
2010-06-03,14.22,15.04,13.82,14.59,13.256,92800.0,0.0,1.0
2010-06-04,14.22,14.74,13.88,14.08,12.7926,79600.0,0.0,1.0
2010-06-07,14.5,14.62,13.95,14.13,12.838,61000.0,0.0,1.0
2010-06-08,14.6,14.64,13.7,14.18,12.8835,49100.0,0.0,1.0
2010-06-09,14.42,14.46,14.02,14.12,12.8289,40100.0,0.0,1.0
2010-06-10,14.18,14.42,14.0,14.29,12.9834,41800.0,0.0,1.0
2010-06-11,14.29,14.46,14.1,14.26,12.9561,50200.0,0.0,1.0
2010-06-14,14.23,14.72,14.23,14.45,13.1288,90900.0,0.0,1.0
2010-06-15,14.46,14.88,14.21,14.54,13.2105,65400.0,0.0,1.0
2010-06-16,14.54,15.0,14.38,14.89,13.5285,115400.0,0.0,1.0
2010-06-17,14.93,14.97,14.87,14.97,13.6012,55200.0,0.0,1.0
2010-06-18,14.99,15.9,14.92,15.69,14.2554,249500.0,0.0,1.0
2010-06-21,15.9,15.99,15.67,15.71,14.2736,132600.0,0.0,1.0
2010-06-22,15.86,15.99,15.5,15.78,14.3372,98100.0,0.0,1.0
2010-06-23,15.85,15.85,14.92,15.24,13.8465,82400.0,0.0,1.0
2010-06-24,15.27,15.58,15.02,15.29,13.892,101200.0,0.0,1.0
2010-06-25,15.47,15.98,15.02,15.86,14.4098,1529400.0,0.0,1.0
2010-06-28,15.84,16.13,15.65,15.83,14.3826,263400.0,0.0,1.0
2010-06-29,15.62,15.73,15.04,15.25,13.8556,117400.0,0.0,1.0
2010-06-30,15.35,15.45,14.56,14.62,13.2832,106700.0,0.0,1.0
2010-07-01,14.68,14.73,13.39,14.0,12.7199,219400.0,0.0,1.0
2010-07-02,14.06,14.06,13.21,13.53,12.2929,89800.0,0.0,1.0
2010-07-06,13.57,13.82,13.33,13.65,12.4019,135100.0,0.0,1.0
2010-07-07,13.68,14.33,13.67,14.31,13.0016,80500.0,0.0,1.0
2010-07-08,14.36,14.64,14.28,14.58,13.2469,62800.0,0.0,1.0
2010-07-09,14.58,15.11,14.52,15.11,13.7284,45300.0,0.0,1.0
2010-07-12,15.09,15.4,14.73,14.77,13.4195,67500.0,0.0,1.0
2010-07-13,14.92,15.77,14.68,15.68,14.2463,54600.0,0.0,1.0
2010-07-14,15.6,15.69,15.17,15.34,13.9374,28700.0,0.0,1.0
2010-07-15,15.44,15.44,14.46,14.94,13.574,61700.0,0.0,1.0
2010-07-16,14.83,14.83,13.94,13.98,12.7017,82700.0,0.0,1.0
2010-07-19,13.96,14.28,13.7,14.17,12.8744,55500.0,0.0,1.0
2010-07-20,13.98,14.59,13.8,14.53,13.2015,60300.0,0.0,1.0
2010-07-21,14.62,14.78,14.15,14.2,12.9016,39400.0,0.0,1.0
2010-07-22,14.35,14.52,14.15,14.35,13.0379,44000.0,0.0,1.0
2010-07-23,14.29,14.92,14.06,14.9,13.5376,57100.0,0.0,1.0
2010-07-26,14.85,15.15,14.85,15.11,13.7284,37000.0,0.0,1.0
2010-07-27,15.1,15.21,14.83,15.08,13.7012,37800.0,0.0,1.0
2010-07-28,15.1,15.1,14.51,14.66,13.3196,38600.0,0.0,1.0
2010-07-29,14.49,14.8,14.28,14.72,13.3741,33300.0,0.0,1.0
2010-07-30,14.57,14.77,13.94,14.69,13.3468,21700.0,0.0,1.0
2010-08-02,14.86,14.86,14.14,14.47,13.1469,62000.0,0.0,1.0
2010-08-03,14.4,14.78,14.13,14.69,13.3468,45200.0,0.0,1.0
2010-08-04,14.69,15.15,14.63,15.13,13.7466,63700.0,0.0,1.0
2010-08-05,15.12,15.45,14.98,15.2,13.8102,41000.0,0.0,1.0
2010-08-06,15.02,15.29,14.3,14.83,13.474,46000.0,0.0,1.0
2010-08-09,14.85,15.32,14.83,15.24,13.8465,21000.0,0.0,1.0
2010-08-10,15.07,15.19,14.49,14.51,13.1833,31800.0,0.0,1.0
2010-08-11,14.33,14.47,13.81,14.2,12.9016,62600.0,0.0,1.0
2010-08-12,13.38,14.57,13.36,14.25,12.9471,60300.0,0.0,1.0
2010-08-13,14.18,14.43,13.84,14.19,12.8925,30500.0,0.0,1.0
2010-08-16,14.03,14.43,14.03,14.29,12.9834,24300.0,0.0,1.0
2010-08-17,14.37,14.52,14.25,14.3,12.9925,23000.0,0.0,1.0
2010-08-18,14.25,14.57,14.0,14.53,13.2015,33300.0,0.0,1.0
2010-08-19,14.53,14.79,13.82,14.06,12.7744,41500.0,0.0,1.0
2010-08-20,13.97,14.73,13.68,14.71,13.365,66900.0,0.0,1.0
2010-08-23,14.7,14.99,14.31,14.32,13.0107,24200.0,0.0,1.0
2010-08-24,14.21,14.28,13.61,13.95,12.6745,87300.0,0.0,1.0
2010-08-25,13.87,14.12,13.65,14.05,12.7653,55300.0,0.0,1.0
2010-08-26,14.04,14.13,13.65,13.76,12.5019,37700.0,0.0,1.0
2010-08-27,13.88,14.05,13.09,14.0,12.7199,55400.0,0.0,1.0
2010-08-30,13.93,14.06,13.66,13.73,12.4746,53200.0,0.0,1.0
2010-08-31,13.76,14.03,13.55,13.64,12.3928,25100.0,0.0,1.0
2010-09-01,13.73,14.37,13.47,14.31,13.0016,43400.0,0.0,1.0
2010-09-02,14.25,14.55,13.98,14.44,13.1197,58300.0,0.0,1.0
2010-09-03,14.53,14.62,14.14,14.52,13.1924,29500.0,0.0,1.0
2010-09-07,14.31,14.54,13.57,13.68,12.4292,43100.0,0.0,1.0
2010-09-08,13.66,14.35,13.26,14.2,12.9016,35800.0,0.0,1.0
2010-09-09,14.34,14.91,14.33,14.85,13.4922,37000.0,0.0,1.0
2010-09-10,14.73,15.0,14.71,14.73,13.3832,14700.0,0.0,1.0
2010-09-13,14.83,15.0,14.71,14.94,13.574,23200.0,0.0,1.0
2010-09-14,14.96,15.1,14.64,14.99,13.6194,48000.0,0.0,1.0
2010-09-15,14.92,15.05,14.59,14.76,13.4104,24000.0,0.0,1.0
2010-09-16,14.65,15.1,14.17,14.83,13.474,63600.0,0.0,1.0
2010-09-17,15.0,15.0,14.44,14.73,13.3832,102900.0,0.0,1.0
2010-09-20,14.7,14.99,14.47,14.95,13.5831,158200.0,0.0,1.0
2010-09-21,15.0,15.0,14.77,14.92,13.5558,39200.0,0.0,1.0
2010-09-22,14.84,14.97,14.84,14.94,13.574,17700.0,0.0,1.0
2010-09-23,14.9,14.99,14.6,14.85,13.4922,34900.0,0.0,1.0
2010-09-24,15.0,15.0,14.65,14.85,13.4922,37000.0,0.0,1.0
2010-09-27,14.81,14.9,14.62,14.81,13.4559,14600.0,0.0,1.0
2010-09-28,14.84,15.0,14.64,15.0,13.6285,51700.0,0.0,1.0
2010-09-29,14.9,15.0,14.84,15.0,13.6285,33200.0,0.0,1.0
2010-09-30,15.0,15.32,14.96,15.1,13.7193,47600.0,0.0,1.0
2010-10-01,15.2,15.2,14.79,15.01,13.6376,37100.0,0.0,1.0
2010-10-04,14.94,14.98,14.43,14.48,13.156,35800.0,0.0,1.0
2010-10-05,14.63,14.86,14.43,14.75,13.4013,69300.0,0.0,1.0
2010-10-06,14.75,14.79,14.53,14.69,13.3468,18600.0,0.0,1.0
2010-10-07,14.82,14.9,14.55,14.55,13.2196,16600.0,0.0,1.0
2010-10-08,13.42,14.8,13.42,14.69,13.3468,32000.0,0.0,1.0
2010-10-11,14.7,14.76,14.33,14.64,13.3014,22100.0,0.0,1.0
2010-10-12,14.6,14.73,14.49,14.63,13.2923,18500.0,0.0,1.0
2010-10-13,14.64,14.64,14.28,14.38,13.0652,36600.0,0.0,1.0
2010-10-14,14.18,14.34,14.03,14.21,12.9107,56800.0,0.0,1.0
2010-10-15,14.39,14.39,14.04,14.16,12.8653,35600.0,0.0,1.0
2010-10-18,14.16,14.16,13.8,13.89,12.62,27500.0,0.0,1.0
2010-10-19,13.73,13.8,13.29,13.43,12.202,41800.0,0.0,1.0
2010-10-20,13.52,13.61,13.14,13.31,12.093,36200.0,0.0,1.0
2010-10-21,13.28,13.5,12.56,13.07,11.8749,38800.0,0.0,1.0
2010-10-22,13.14,13.2,12.8,13.02,11.8295,34500.0,0.0,1.0
2010-10-25,12.99,13.0,12.48,12.83,11.6569,42800.0,0.0,1.0
2010-10-26,12.74,13.29,12.72,12.99,11.8023,27000.0,0.0,1.0
2010-10-27,12.97,13.11,12.89,12.91,11.7296,39800.0,0.0,1.0
2010-10-28,13.06,13.06,12.61,12.86,11.6842,44800.0,0.0,1.0
2010-10-29,12.8,12.97,12.71,12.84,11.666,28200.0,0.0,1.0
2010-11-01,13.0,13.01,12.42,12.7,11.5388,30300.0,0.0,1.0
2010-11-02,12.86,13.12,12.67,13.09,11.8931,21500.0,0.0,1.0
2010-11-03,13.06,13.09,12.73,12.85,11.6751,26300.0,0.0,1.0
2010-11-04,13.2,14.7,13.2,14.69,13.3468,69500.0,0.0,1.0
2010-11-05,14.7,15.07,14.64,14.92,13.5558,37000.0,0.0,1.0
2010-11-08,14.82,15.11,14.82,15.04,13.6648,22900.0,0.0,1.0
2010-11-09,15.01,15.01,14.79,14.95,13.5831,24200.0,0.0,1.0
2010-11-10,14.91,15.19,14.81,15.07,13.6921,60900.0,0.0,1.0
2010-11-11,14.95,15.2,14.95,15.15,13.7648,23500.0,0.0,1.0
2010-11-12,15.08,15.08,14.75,15.02,13.6467,28200.0,0.0,1.0
2010-11-15,15.07,15.2,14.98,15.2,13.8102,28000.0,0.0,1.0
2010-11-16,15.04,15.19,14.92,15.04,13.6648,36600.0,0.0,1.0
2010-11-17,15.01,15.2,14.98,15.2,13.8102,18900.0,0.0,1.0
2010-11-18,15.2,15.44,14.68,15.23,13.8374,113600.0,0.0,1.0
2010-11-19,15.17,15.29,15.0,15.19,13.8011,34000.0,0.0,1.0
2010-11-22,15.03,15.29,14.96,15.21,13.8193,28800.0,0.0,1.0
2010-11-23,15.03,15.03,14.35,14.61,13.2741,24800.0,0.0,1.0
2010-11-24,14.8,14.92,14.61,14.85,13.4922,17300.0,0.0,1.0
2010-11-26,14.68,15.02,14.67,14.79,13.4377,7900.0,0.0,1.0
2010-11-29,14.68,14.99,14.5,14.98,13.6103,52100.0,0.0,1.0
2010-11-30,14.79,14.99,14.45,14.74,13.3923,42800.0,0.0,1.0
2010-12-01,15.0,15.0,14.48,14.54,13.2105,37800.0,0.0,1.0
2010-12-02,14.5,14.57,14.23,14.46,13.1379,16900.0,0.0,1.0
2010-12-03,14.34,14.36,13.97,14.16,12.8653,17200.0,0.0,1.0
2010-12-06,14.18,14.32,13.67,14.0,12.7199,23800.0,0.0,1.0
2010-12-07,14.12,14.12,13.8,13.87,12.6018,19500.0,0.0,1.0
2010-12-08,13.94,13.97,13.75,13.83,12.5655,14200.0,0.0,1.0
2010-12-09,13.97,13.97,13.52,13.79,12.5291,21200.0,0.0,1.0
2010-12-10,13.85,13.9,13.38,13.65,12.4019,37800.0,0.0,1.0
2010-12-13,13.67,13.68,13.42,13.43,12.202,21500.0,0.0,1.0
2010-12-14,13.49,13.77,13.37,13.73,12.4746,46100.0,0.0,1.0
2010-12-15,13.68,13.75,13.49,13.73,12.4746,28000.0,0.0,1.0
2010-12-16,13.56,13.85,13.56,13.82,12.5564,28800.0,0.0,1.0
2010-12-17,13.79,13.83,13.4,13.74,12.4837,59900.0,0.0,1.0
2010-12-20,13.87,14.1,13.74,14.04,12.7563,65400.0,0.0,1.0
2010-12-21,14.1,14.1,13.81,13.86,12.5927,20100.0,0.0,1.0
2010-12-22,13.89,13.96,13.59,13.93,12.6563,15600.0,0.0,1.0
2010-12-23,13.87,13.91,13.83,13.87,12.6018,17000.0,0.0,1.0
2010-12-27,13.87,14.09,13.84,14.07,12.7835,27600.0,0.0,1.0
2010-12-28,14.01,14.29,14.0,14.23,12.9289,28800.0,0.0,1.0
2010-12-29,14.31,14.37,14.05,14.07,12.7835,13500.0,0.0,1.0
2010-12-30,14.05,14.09,13.95,13.95,12.6745,33300.0,0.0,1.0
2010-12-31,13.91,14.1,13.87,14.04,12.7563,15200.0,0.0,1.0
2011-01-03,14.2,14.97,14.0,14.85,13.4922,22200.0,0.0,1.0
2011-01-04,14.94,14.94,14.28,14.29,12.9834,24500.0,0.0,1.0
2011-01-05,14.28,14.28,13.31,13.68,12.4292,24600.0,0.0,1.0
2011-01-06,13.63,13.63,13.32,13.49,12.2565,14500.0,0.0,1.0
2011-01-07,13.48,13.54,13.29,13.54,12.302,15300.0,0.0,1.0
2011-01-10,13.41,13.64,13.41,13.58,12.3383,14500.0,0.0,1.0
2011-01-11,13.62,13.94,13.55,13.74,12.4837,10900.0,0.0,1.0
2011-01-12,13.9,13.9,13.63,13.63,12.3837,10700.0,0.0,1.0
2011-01-13,13.59,14.04,13.59,14.01,12.729,27700.0,0.0,1.0
2011-01-14,13.95,14.6,13.77,14.51,13.1833,41800.0,0.0,1.0
2011-01-18,14.53,14.54,14.08,14.32,13.0107,16800.0,0.0,1.0
2011-01-19,14.22,14.22,13.1,13.16,11.9567,52700.0,0.0,1.0
2011-01-20,13.12,13.49,12.66,12.66,11.5024,26800.0,0.0,1.0
2011-01-21,12.84,12.9,12.3,12.32,11.1935,17600.0,0.0,1.0
2011-01-24,12.38,12.57,12.07,12.5,11.3571,14400.0,0.0,1.0
2011-01-25,12.35,12.85,12.24,12.8,11.6296,21200.0,0.0,1.0
2011-01-26,12.89,13.28,12.89,13.28,12.0657,14700.0,0.0,1.0
2011-01-27,13.27,13.55,13.2,13.27,12.0567,17200.0,0.0,1.0
2011-01-28,13.21,13.21,12.34,12.65,11.4933,33000.0,0.0,1.0
2011-01-31,12.65,12.66,12.09,12.13,11.0209,28700.0,0.0,1.0
2011-02-01,12.19,13.08,12.17,13.01,11.8204,28300.0,0.0,1.0
2011-02-02,12.91,13.05,12.56,12.65,11.4933,19800.0,0.0,1.0
2011-02-03,12.7,12.7,12.23,12.32,11.1935,7300.0,0.0,1.0
2011-02-04,12.24,12.25,11.99,11.99,10.8937,15000.0,0.0,1.0
2011-02-07,11.98,12.5,11.98,12.41,11.2753,17000.0,0.0,1.0
2011-02-08,12.38,12.38,12.07,12.33,11.2026,7300.0,0.0,1.0
2011-02-09,12.23,12.31,12.21,12.25,11.1299,8000.0,0.0,1.0
2011-02-10,12.2,12.27,12.05,12.13,11.0209,18400.0,0.0,1.0
2011-02-11,12.03,12.22,11.91,12.22,11.1027,12100.0,0.0,1.0
2011-02-14,12.22,12.43,12.13,12.23,11.1118,20300.0,0.0,1.0
2011-02-15,12.23,12.33,12.16,12.27,11.1481,15400.0,0.0,1.0
2011-02-16,12.29,12.41,12.29,12.4,11.2662,14100.0,0.0,1.0
2011-02-17,12.33,12.64,12.33,12.56,11.4116,17700.0,0.0,1.0
2011-02-18,12.64,12.74,12.57,12.63,11.4752,20400.0,0.0,1.0
2011-02-22,12.45,12.64,12.38,12.44,11.3025,24800.0,0.0,1.0
2011-02-23,12.53,12.73,12.17,12.19,11.0754,10800.0,0.0,1.0
2011-02-24,12.27,12.27,11.69,12.24,11.1208,15700.0,0.0,1.0
2011-02-25,12.23,12.33,12.12,12.26,11.139,16900.0,0.0,1.0
2011-02-28,12.29,12.29,11.94,12.01,10.9119,23400.0,0.0,1.0
2011-03-01,12.0,12.09,11.6,11.68,10.612,20500.0,0.0,1.0
2011-03-02,11.7,11.72,11.51,11.67,10.603,10300.0,0.0,1.0
2011-03-03,11.77,11.79,11.66,11.77,10.6938,27600.0,0.0,1.0
2011-03-04,11.72,11.77,11.62,11.73,10.6575,11100.0,0.0,1.0
2011-03-07,11.78,11.79,11.14,11.46,10.4122,24300.0,0.0,1.0
2011-03-08,11.42,12.1,11.42,12.1,10.9936,20800.0,0.0,1.0
2011-03-09,12.07,12.68,11.97,12.62,11.4661,24200.0,0.0,1.0
2011-03-10,13.25,13.72,12.66,12.99,11.8023,54300.0,0.0,1.0
2011-03-11,12.99,13.19,12.69,12.86,11.6842,26100.0,0.0,1.0
2011-03-14,12.66,13.09,12.63,13.0,11.8113,18000.0,0.0,1.0
2011-03-15,12.62,12.93,12.09,12.89,11.7114,27100.0,0.0,1.0
2011-03-16,12.82,12.86,12.55,12.6,11.4479,28100.0,0.0,1.0
2011-03-17,12.8,12.86,12.52,12.65,11.4933,37300.0,0.0,1.0
2011-03-18,12.72,12.8,12.52,12.62,11.4661,47500.0,0.0,1.0
2011-03-21,12.83,13.17,12.83,13.17,11.9658,34700.0,0.0,1.0
2011-03-22,13.13,13.43,13.11,13.26,12.0476,21400.0,0.0,1.0
2011-03-23,13.28,13.65,13.14,13.57,12.3292,12600.0,0.0,1.0
2011-03-24,13.61,13.66,13.37,13.45,12.2202,11400.0,0.0,1.0
2011-03-25,13.46,13.59,13.41,13.45,12.2202,13600.0,0.0,1.0
2011-03-28,13.45,13.49,13.32,13.32,12.1021,17300.0,0.0,1.0
2011-03-29,13.37,13.95,13.37,13.94,12.6654,14700.0,0.0,1.0
2011-03-30,13.94,14.19,13.83,14.18,12.8835,12300.0,0.0,1.0
2011-03-31,14.2,15.17,14.2,15.0,13.6285,123800.0,0.0,1.0
2011-04-01,15.15,15.43,14.81,15.39,13.9828,79300.0,0.0,1.0
2011-04-04,15.5,15.8,15.49,15.8,14.3553,52000.0,0.0,1.0
2011-04-05,15.79,16.4,15.55,15.87,14.4189,83100.0,0.0,1.0
2011-04-06,15.95,16.12,15.75,15.94,14.4825,55900.0,0.0,1.0
2011-04-07,15.78,16.09,15.74,15.77,14.3281,25600.0,0.0,1.0
2011-04-08,15.91,15.91,14.81,14.82,13.4649,31700.0,0.0,1.0
2011-04-11,14.92,15.57,14.92,15.13,13.7466,29400.0,0.0,1.0
2011-04-12,15.08,15.16,14.51,14.51,13.1833,16700.0,0.0,1.0
2011-04-13,14.65,15.67,14.51,15.5,14.0828,78300.0,0.0,1.0
2011-04-14,15.7,15.96,15.52,15.94,14.4825,89400.0,0.0,1.0
2011-04-15,15.9,16.09,15.67,16.0,14.537,40200.0,0.0,1.0
2011-04-18,15.83,15.96,15.83,15.89,14.4371,24700.0,0.0,1.0
2011-04-19,15.94,16.06,15.13,15.15,13.7648,40300.0,0.0,1.0
2011-04-20,15.36,15.7,15.33,15.67,14.2372,28800.0,0.0,1.0
2011-04-21,15.8,16.04,15.51,16.02,14.5552,35400.0,0.0,1.0
2011-04-25,15.91,16.01,15.5,15.82,14.3735,43800.0,0.0,1.0
2011-04-26,15.82,16.1,15.8,15.89,14.4371,27700.0,0.0,1.0
2011-04-27,15.93,15.95,15.77,15.89,14.4371,25000.0,0.0,1.0
2011-04-28,15.87,15.99,15.72,15.94,14.5054,36000.0,0.025,1.0
2011-04-29,16.0,16.1,15.55,15.92,14.4872,48000.0,0.0,1.0
2011-05-02,16.0,16.09,15.41,15.47,14.0777,66000.0,0.0,1.0
2011-05-03,15.39,15.82,15.39,15.65,14.2415,36000.0,0.0,1.0
2011-05-04,15.73,15.82,15.38,15.47,14.0777,40400.0,0.0,1.0
2011-05-05,15.0,15.3,13.8,13.94,12.6854,97800.0,0.0,1.0
2011-05-06,13.54,13.54,12.1,12.32,11.2112,100000.0,0.0,1.0
2011-05-09,12.24,12.83,11.83,12.76,11.6116,104000.0,0.0,1.0
2011-05-10,12.85,13.54,12.39,13.27,12.0757,82800.0,0.0,1.0
2011-05-11,13.28,13.28,12.5,12.72,11.5752,85100.0,0.0,1.0
2011-05-12,12.6,13.16,12.44,13.12,11.9392,102800.0,0.0,1.0
2011-05-13,13.18,13.18,12.75,12.91,11.7481,60000.0,0.0,1.0
2011-05-16,12.86,12.89,12.65,12.81,11.6571,34400.0,0.0,1.0
2011-05-17,12.68,12.76,12.47,12.55,11.4205,26100.0,0.0,1.0
2011-05-18,12.56,12.56,12.06,12.46,11.3386,54400.0,0.0,1.0
2011-05-19,12.45,12.45,11.84,11.9,10.829,47700.0,0.0,1.0
2011-05-20,11.83,12.13,11.44,11.9,10.829,57400.0,0.0,1.0
2011-05-23,11.62,11.86,11.51,11.72,10.6652,27800.0,0.0,1.0
2011-05-24,11.77,11.77,11.15,11.26,10.2466,59800.0,0.0,1.0
2011-05-25,11.19,11.53,11.15,11.29,10.2739,36600.0,0.0,1.0
2011-05-26,11.21,11.59,11.2,11.49,10.4559,26600.0,0.0,1.0
2011-05-27,11.48,11.48,11.31,11.43,10.4013,38700.0,0.0,1.0
2011-05-31,11.57,11.67,11.35,11.47,10.4377,40500.0,0.0,1.0
2011-06-01,11.47,11.79,11.45,11.63,10.5833,63000.0,0.0,1.0
2011-06-02,11.68,11.84,11.62,11.7,10.647,32200.0,0.0,1.0
2011-06-03,11.47,11.58,11.08,11.09,10.0919,50000.0,0.0,1.0
2011-06-06,11.02,11.29,11.01,11.11,10.1101,40800.0,0.0,1.0
2011-06-07,11.2,11.33,11.07,11.11,10.1101,23300.0,0.0,1.0
2011-06-08,11.06,11.4,11.06,11.17,10.1647,30200.0,0.0,1.0
2011-06-09,11.24,11.24,11.01,11.04,10.0464,115300.0,0.0,1.0
2011-06-10,11.0,11.01,10.51,10.52,9.5732,62000.0,0.0,1.0
2011-06-13,10.6,10.82,10.56,10.75,9.7825,45200.0,0.0,1.0
2011-06-14,10.89,11.11,10.77,11.09,10.0919,43200.0,0.0,1.0
2011-06-15,10.96,11.12,10.64,10.67,9.7097,29600.0,0.0,1.0
2011-06-16,10.72,10.89,10.55,10.79,9.8189,39200.0,0.0,1.0
2011-06-17,10.85,10.93,10.51,10.55,9.6005,62900.0,0.0,1.0
2011-06-20,10.5,10.96,10.21,10.86,9.8826,66000.0,0.0,1.0
2011-06-21,10.98,11.06,10.65,11.01,10.0191,37400.0,0.0,1.0
2011-06-22,10.92,11.12,10.72,10.94,9.9554,33600.0,0.0,1.0
2011-06-23,10.81,11.05,10.63,11.04,10.0464,9800.0,0.0,1.0
2011-06-24,11.07,11.07,10.79,10.99,10.0009,141700.0,0.0,1.0
2011-06-27,11.0,11.28,10.86,11.16,10.1556,28700.0,0.0,1.0
2011-06-28,11.18,11.77,10.96,11.45,10.4195,55000.0,0.0,1.0
2011-06-29,11.46,11.46,11.14,11.38,10.3558,25900.0,0.0,1.0
2011-06-30,11.46,11.84,11.33,11.74,10.6834,30000.0,0.0,1.0
2011-07-01,11.75,12.08,11.48,11.84,10.7744,27900.0,0.0,1.0
2011-07-05,11.96,12.13,11.4,11.76,10.7016,72600.0,0.0,1.0
2011-07-06,11.75,11.98,11.65,11.72,10.6652,20400.0,0.0,1.0
2011-07-07,11.69,11.92,11.58,11.82,10.7562,72000.0,0.0,1.0
2011-07-08,11.65,11.9,11.64,11.77,10.7107,13300.0,0.0,1.0
2011-07-11,11.63,11.8,11.42,11.47,10.4377,26800.0,0.0,1.0
2011-07-12,11.47,11.75,11.4,11.43,10.4013,17500.0,0.0,1.0
2011-07-13,11.49,11.68,11.49,11.59,10.5469,21400.0,0.0,1.0
2011-07-14,11.58,11.58,11.29,11.36,10.3376,25600.0,0.0,1.0
2011-07-15,11.37,11.55,11.19,11.33,10.3103,24200.0,0.0,1.0
2011-07-18,11.25,11.25,10.93,11.06,10.0646,47200.0,0.0,1.0
2011-07-19,10.73,11.67,10.73,11.52,10.4832,35200.0,0.0,1.0
2011-07-20,11.52,11.6,11.02,11.11,10.1101,73000.0,0.0,1.0
2011-07-21,11.16,11.74,11.0,11.68,10.6288,27300.0,0.0,1.0
2011-07-22,11.68,11.9,11.41,11.78,10.7198,13500.0,0.0,1.0
2011-07-25,11.55,11.78,11.3,11.49,10.4559,11000.0,0.0,1.0
2011-07-26,11.56,11.56,11.06,11.19,10.1829,13700.0,0.0,1.0
2011-07-27,11.16,11.16,10.61,10.72,9.7552,35300.0,0.0,1.0
2011-07-28,10.77,10.99,10.74,10.96,9.9736,17900.0,0.0,1.0
2011-07-29,10.74,11.16,10.5,11.0,10.0329,45200.0,0.025,1.0
2011-08-01,11.25,11.33,11.1,11.29,10.2974,34300.0,0.0,1.0
2011-08-02,11.26,11.64,11.06,11.08,10.1058,17600.0,0.0,1.0
2011-08-03,11.17,11.18,10.67,11.08,10.1058,18300.0,0.0,1.0
2011-08-04,10.5,11.24,10.5,10.64,9.7045,41200.0,0.0,1.0
2011-08-05,10.77,10.77,10.22,10.3,9.3944,79700.0,0.0,1.0
2011-08-08,9.46,11.26,9.46,10.36,9.4491,58200.0,0.0,1.0
2011-08-09,10.58,10.92,9.99,10.68,9.741,51600.0,0.0,1.0
2011-08-10,10.35,10.8,9.93,10.05,9.1664,32700.0,0.0,1.0
2011-08-11,10.15,10.87,9.79,10.6,9.668,28600.0,0.0,1.0
2011-08-12,10.65,10.7,10.34,10.41,9.4947,9100.0,0.0,1.0
2011-08-15,10.55,11.13,10.53,11.05,10.0785,13400.0,0.0,1.0
2011-08-16,10.95,11.0,10.71,10.8,9.8504,26600.0,0.0,1.0
2011-08-17,10.86,10.92,10.52,10.64,9.7045,16300.0,0.0,1.0
2011-08-18,10.42,10.42,10.1,10.2,9.3032,25400.0,0.0,1.0
2011-08-19,10.07,10.6,9.97,9.98,9.1025,78300.0,0.0,1.0
2011-08-22,10.27,10.27,9.62,9.9,9.0296,40700.0,0.0,1.0
2011-08-23,9.9,10.9,9.72,10.74,9.7957,29400.0,0.0,1.0
2011-08-24,10.66,10.91,10.59,10.87,9.9143,16700.0,0.0,1.0
2011-08-25,10.93,10.93,9.67,9.89,9.0204,45400.0,0.0,1.0
2011-08-26,9.98,10.19,9.8,9.99,9.1117,30100.0,0.0,1.0
2011-08-29,10.08,10.69,9.99,10.68,9.741,18700.0,0.0,1.0
2011-08-30,10.6,10.88,10.32,10.75,9.8048,21400.0,0.0,1.0
2011-08-31,10.95,10.98,10.58,10.6,9.668,24600.0,0.0,1.0
2011-09-01,10.75,10.78,10.54,10.6,9.668,21500.0,0.0,1.0
2011-09-02,10.45,10.45,9.82,10.06,9.1755,43900.0,0.0,1.0
2011-09-06,9.71,10.2,9.71,10.07,9.1846,24200.0,0.0,1.0
2011-09-07,10.26,10.73,10.04,10.43,9.513,22300.0,0.0,1.0
2011-09-08,10.37,10.46,9.79,9.98,9.1025,21900.0,0.0,1.0
2011-09-09,9.89,10.01,9.46,9.56,8.7195,32200.0,0.0,1.0
2011-09-12,9.39,9.78,9.39,9.67,8.8198,53100.0,0.0,1.0
2011-09-13,9.68,10.38,9.56,10.14,9.2485,20300.0,0.0,1.0
2011-09-14,10.19,11.12,9.85,10.98,10.0146,19600.0,0.0,1.0
2011-09-15,11.05,11.36,10.78,11.3,10.3065,9900.0,0.0,1.0
2011-09-16,11.33,11.33,11.07,11.07,10.0967,37500.0,0.0,1.0
2011-09-19,10.84,10.84,10.52,10.64,9.7045,12100.0,0.0,1.0
2011-09-20,10.76,10.77,10.01,10.17,9.2758,27000.0,0.0,1.0
2011-09-21,10.06,10.47,9.47,9.8,8.9384,33400.0,0.0,1.0
2011-09-22,9.5,9.6,9.25,9.26,8.4458,29100.0,0.0,1.0
2011-09-23,9.31,9.66,9.31,9.42,8.5918,17900.0,0.0,1.0
2011-09-26,9.5,9.91,9.08,9.68,8.8289,15000.0,0.0,1.0
2011-09-27,9.92,9.97,9.44,9.74,8.8836,23400.0,0.0,1.0
2011-09-28,9.78,9.93,9.23,9.23,8.4185,23400.0,0.0,1.0
2011-09-29,9.49,9.96,9.29,9.7,8.8471,13100.0,0.0,1.0
2011-09-30,9.59,9.74,9.58,9.64,8.7924,13200.0,0.0,1.0
2011-10-03,9.59,9.59,8.53,8.67,7.9077,43400.0,0.0,1.0
2011-10-04,8.66,11.62,8.46,11.05,10.0785,39400.0,0.0,1.0
2011-10-05,10.82,10.82,10.16,10.44,9.5221,23200.0,0.0,1.0
2011-10-06,10.27,10.27,9.51,9.7,8.8471,43300.0,0.0,1.0
2011-10-07,10.15,10.15,9.25,9.35,8.5279,37100.0,0.0,1.0
2011-10-10,9.53,9.53,9.32,9.45,8.6191,40700.0,0.0,1.0
2011-10-11,9.4,9.88,9.22,9.8,8.9384,26600.0,0.0,1.0
2011-10-12,9.75,10.68,9.59,10.64,9.7045,31900.0,0.0,1.0
2011-10-13,10.46,10.56,10.31,10.53,9.6042,5500.0,0.0,1.0
2011-10-14,10.64,10.96,10.16,10.94,9.9781,30000.0,0.0,1.0
2011-10-17,10.85,10.85,10.29,10.38,9.4674,14100.0,0.0,1.0
2011-10-18,10.48,11.0,9.96,10.83,9.8778,19900.0,0.0,1.0
2011-10-19,10.78,10.86,10.57,10.64,9.7045,11100.0,0.0,1.0
2011-10-20,10.73,10.8,10.56,10.67,9.7319,8000.0,0.0,1.0
2011-10-21,10.91,11.11,10.71,11.04,10.0693,23500.0,0.0,1.0
2011-10-24,11.26,11.45,10.94,11.4,10.3977,15400.0,0.0,1.0
2011-10-25,11.23,11.28,10.76,10.78,9.8322,19000.0,0.0,1.0
2011-10-26,11.12,11.32,10.74,11.27,10.2791,17000.0,0.0,1.0
2011-10-27,11.45,13.22,11.11,13.03,11.8844,53300.0,0.0,1.0
2011-10-28,12.95,13.14,12.63,12.81,11.6837,31900.0,0.0,1.0
2011-10-31,12.55,12.83,12.09,12.23,11.1547,24100.0,0.0,1.0
2011-11-01,11.45,11.73,10.84,11.16,10.1788,35300.0,0.0,1.0
2011-11-02,11.33,12.16,10.99,11.66,10.6348,22000.0,0.0,1.0
2011-11-03,11.89,12.12,11.46,12.1,11.0361,11700.0,0.0,1.0
2011-11-04,11.96,12.12,11.8,12.09,11.027,7000.0,0.0,1.0
2011-11-07,12.05,12.15,11.88,12.08,11.0179,7300.0,0.0,1.0
2011-11-08,12.14,13.16,11.8,13.03,11.8844,43500.0,0.0,1.0
2011-11-09,12.5,12.84,11.42,12.26,11.1821,36700.0,0.0,1.0
2011-11-10,12.48,12.48,12.07,12.36,11.2733,14500.0,0.0,1.0
2011-11-11,12.47,12.72,12.36,12.7,11.5834,21000.0,0.0,1.0
2011-11-14,12.65,12.67,11.93,12.15,11.0817,21600.0,0.0,1.0
2011-11-15,12.35,12.45,12.04,12.3,11.2186,9700.0,0.0,1.0
2011-11-16,12.02,12.32,11.66,11.66,10.6565,15500.0,0.025,1.0
2011-11-17,11.92,12.09,11.8,12.01,10.9764,19000.0,0.0,1.0
2011-11-18,11.97,12.31,11.97,12.21,11.1591,13300.0,0.0,1.0
2011-11-21,11.94,12.27,11.7,11.81,10.7936,23900.0,0.0,1.0
2011-11-22,12.02,12.02,11.72,11.74,10.7296,16500.0,0.0,1.0
2011-11-23,11.67,11.67,11.15,11.3,10.3275,27600.0,0.0,1.0
2011-11-25,11.16,11.18,10.92,10.92,9.9802,7200.0,0.0,1.0
2011-11-28,11.37,11.49,11.23,11.33,10.3549,28400.0,0.0,1.0
2011-11-29,11.33,11.34,11.1,11.31,10.3366,14900.0,0.0,1.0
2011-11-30,11.57,12.0,11.05,11.92,10.8941,51200.0,0.0,1.0
2011-12-01,11.81,12.18,11.13,11.81,10.7936,25400.0,0.0,1.0
2011-12-02,12.11,12.11,11.65,11.79,10.7753,6400.0,0.0,1.0
2011-12-05,12.02,12.02,11.62,11.95,10.9215,20900.0,0.0,1.0
2011-12-06,11.88,12.18,11.65,11.98,10.9489,17300.0,0.0,1.0
2011-12-07,11.83,11.83,11.41,11.51,10.5194,46300.0,0.0,1.0
2011-12-08,11.28,11.7,11.11,11.17,10.2087,31000.0,0.0,1.0
2011-12-09,11.11,11.87,11.11,11.75,10.7387,19400.0,0.0,1.0
2011-12-12,11.48,11.79,11.38,11.58,10.5834,11900.0,0.0,1.0
2011-12-13,11.71,12.16,11.05,11.22,10.2544,32100.0,0.0,1.0
2011-12-14,11.18,12.49,11.18,11.96,10.9307,20700.0,0.0,1.0
2011-12-15,12.05,12.16,11.89,12.16,11.1134,20300.0,0.0,1.0
2011-12-16,12.27,12.49,12.14,12.34,11.278,43100.0,0.0,1.0
2011-12-19,12.48,12.48,11.46,11.52,10.5285,35200.0,0.0,1.0
2011-12-20,11.9,12.11,11.82,11.98,10.9489,51700.0,0.0,1.0
2011-12-21,11.89,11.89,11.5,11.73,10.7205,20600.0,0.0,1.0
2011-12-22,11.71,11.9,11.71,11.85,10.8301,14300.0,0.0,1.0
2011-12-23,11.85,12.07,11.7,12.07,11.0312,3600.0,0.0,1.0
2011-12-27,12.0,12.0,11.79,11.96,10.9307,10300.0,0.0,1.0
2011-12-28,11.95,11.95,11.39,11.45,10.4646,25100.0,0.0,1.0
2011-12-29,11.41,12.15,11.41,11.89,10.8667,65600.0,0.0,1.0
2011-12-30,11.87,12.14,11.8,12.14,11.0952,24600.0,0.0,1.0
2012-01-03,12.36,12.45,12.07,12.35,11.2871,21500.0,0.0,1.0
2012-01-04,12.28,12.4,12.15,12.31,11.2505,18400.0,0.0,1.0
2012-01-05,12.25,12.41,11.69,12.41,11.3419,7200.0,0.0,1.0
2012-01-06,12.36,12.45,11.99,12.25,11.1957,27900.0,0.0,1.0
2012-01-09,12.31,12.45,12.23,12.44,11.3693,8200.0,0.0,1.0
2012-01-10,12.49,12.5,12.39,12.5,11.4242,23700.0,0.0,1.0
2012-01-11,12.44,12.5,12.11,12.24,11.1866,31300.0,0.0,1.0
2012-01-12,12.12,12.23,12.02,12.08,11.0403,22500.0,0.0,1.0
2012-01-13,11.9,11.91,11.42,11.83,10.8119,28600.0,0.0,1.0
2012-01-17,11.88,11.9,11.24,11.88,10.8575,22100.0,0.0,1.0
2012-01-18,11.68,11.88,11.23,11.88,10.8575,70500.0,0.0,1.0
2012-01-19,11.86,11.97,11.54,11.93,10.9032,6000.0,0.0,1.0
2012-01-20,11.96,11.96,11.67,11.75,10.7387,14700.0,0.0,1.0
2012-01-23,11.33,11.77,11.33,11.75,10.7387,10000.0,0.0,1.0
2012-01-24,11.61,11.82,11.46,11.82,10.8027,19200.0,0.0,1.0
2012-01-25,11.81,12.02,11.39,12.02,10.9855,39500.0,0.0,1.0
2012-01-26,12.08,12.11,12.05,12.11,11.0678,22300.0,0.0,1.0
2012-01-27,12.01,12.19,11.94,12.1,11.0586,26600.0,0.0,1.0
2012-01-30,11.98,12.21,11.9,12.14,11.0952,29500.0,0.0,1.0
2012-01-31,12.26,12.36,11.85,11.87,10.8484,24300.0,0.0,1.0
2012-02-01,11.94,12.19,11.94,12.02,10.9855,26800.0,0.0,1.0
2012-02-02,11.93,12.3,11.93,12.07,11.0312,11500.0,0.0,1.0
2012-02-03,12.34,12.62,12.06,12.49,11.415,26900.0,0.0,1.0
2012-02-06,12.6,12.63,12.34,12.61,11.5247,10900.0,0.0,1.0
2012-02-07,12.54,12.54,12.38,12.46,11.3876,5100.0,0.0,1.0
2012-02-08,12.48,12.55,12.47,12.54,11.4838,6000.0,0.025,1.0
2012-02-09,12.54,12.65,12.51,12.59,11.5296,4400.0,0.0,1.0
2012-02-10,12.42,12.95,12.36,12.53,11.4746,24900.0,0.0,1.0
2012-02-13,12.72,12.75,12.45,12.62,11.557,46100.0,0.0,1.0
2012-02-14,12.55,12.7,12.47,12.64,11.5754,7900.0,0.0,1.0
2012-02-15,12.77,12.77,12.26,12.31,11.2732,26700.0,0.0,1.0
2012-02-16,12.38,12.51,12.35,12.38,11.3373,19800.0,0.0,1.0
2012-02-17,12.4,12.84,12.23,12.77,11.6944,18900.0,0.0,1.0
2012-02-21,12.78,12.79,12.51,12.56,11.5021,10900.0,0.0,1.0
2012-02-22,12.49,12.7,12.31,12.33,11.2915,10800.0,0.0,1.0
2012-02-23,12.44,12.53,12.29,12.5,11.4472,16800.0,0.0,1.0
2012-02-24,12.2,12.59,12.2,12.36,11.3189,18200.0,0.0,1.0
2012-02-27,12.25,12.42,12.15,12.23,11.1999,29400.0,0.0,1.0
2012-02-28,11.83,12.2,11.83,12.03,11.0167,22300.0,0.0,1.0
2012-02-29,12.1,12.11,11.48,11.68,10.6962,22500.0,0.0,1.0
2012-03-01,11.57,11.87,11.51,11.53,10.5589,14300.0,0.0,1.0
2012-03-02,11.48,11.6,10.96,11.16,10.22,28400.0,0.0,1.0
2012-03-05,11.1,11.22,11.0,11.22,10.275,71900.0,0.0,1.0
2012-03-06,11.0,11.14,10.95,11.03,10.101,29700.0,0.0,1.0
2012-03-07,11.01,11.2,10.93,11.17,10.2292,19500.0,0.0,1.0
2012-03-08,10.99,11.22,10.52,11.1,10.1651,37900.0,0.0,1.0
2012-03-09,11.04,11.06,10.95,11.05,10.1193,50500.0,0.0,1.0
2012-03-12,11.01,11.07,10.32,10.54,9.6522,44700.0,0.0,1.0
2012-03-13,10.66,10.88,10.66,10.86,9.9453,16000.0,0.0,1.0
2012-03-14,10.83,10.88,10.44,10.53,9.6431,21900.0,0.0,1.0
2012-03-15,10.56,10.56,10.3,10.52,9.6339,26000.0,0.0,1.0
2012-03-16,10.52,10.61,10.35,10.59,9.698,38800.0,0.0,1.0
2012-03-19,10.64,11.08,10.57,10.9,9.9819,18400.0,0.0,1.0
2012-03-20,10.84,10.86,10.51,10.7,9.7988,21000.0,0.0,1.0
2012-03-21,10.83,10.95,10.71,10.87,9.9544,16900.0,0.0,1.0
2012-03-22,10.75,10.91,10.53,10.65,9.753,12600.0,0.0,1.0
2012-03-23,10.83,10.84,10.61,10.77,9.8629,12600.0,0.0,1.0
2012-03-26,10.73,11.13,10.73,11.13,10.1925,21200.0,0.0,1.0
2012-03-27,10.92,11.12,10.8,11.07,10.1376,13500.0,0.0,1.0
2012-03-28,11.14,11.16,10.98,11.14,10.2017,10600.0,0.0,1.0
2012-03-29,11.03,11.29,11.01,11.21,10.2658,50800.0,0.0,1.0
2012-03-30,11.33,11.33,11.17,11.24,10.2933,14300.0,0.0,1.0
2012-04-02,11.2,11.33,11.15,11.33,10.3757,16000.0,0.0,1.0
2012-04-03,11.32,11.32,11.16,11.17,10.2292,20100.0,0.0,1.0
2012-04-04,11.1,11.16,10.89,10.93,10.0094,14900.0,0.0,1.0
2012-04-05,10.81,11.0,10.74,10.77,9.8629,19300.0,0.0,1.0
2012-04-09,10.52,10.77,10.52,10.58,9.6889,16500.0,0.0,1.0
2012-04-10,10.6,10.61,10.11,10.18,9.3226,32300.0,0.0,1.0
2012-04-11,10.36,10.64,10.25,10.55,9.6614,31400.0,0.0,1.0
2012-04-12,10.5,11.12,10.44,10.86,9.9453,17200.0,0.0,1.0
2012-04-13,10.83,10.83,10.42,10.43,9.5515,14500.0,0.0,1.0
2012-04-16,10.44,10.75,10.35,10.72,9.8171,19400.0,0.0,1.0
2012-04-17,10.71,10.94,10.71,10.85,9.9361,15000.0,0.0,1.0
2012-04-18,10.73,10.87,10.65,10.82,9.9087,15200.0,0.0,1.0
2012-04-19,10.78,10.93,10.65,10.81,9.8995,17000.0,0.0,1.0
2012-04-20,11.04,11.24,10.89,11.11,10.1742,15600.0,0.0,1.0
2012-04-23,10.86,10.95,10.79,10.81,9.8995,11800.0,0.0,1.0
2012-04-24,10.85,11.19,10.8,11.14,10.2017,10100.0,0.0,1.0
2012-04-25,11.29,11.43,11.18,11.36,10.4032,7000.0,0.0,1.0
2012-04-26,11.3,12.0,11.3,11.9,10.8977,28500.0,0.0,1.0
2012-04-27,11.95,11.95,11.71,11.89,10.9115,9800.0,0.025,1.0
2012-04-30,11.85,11.85,11.65,11.65,10.6912,15000.0,0.0,1.0
2012-05-01,11.64,11.77,11.54,11.64,10.682,22000.0,0.0,1.0
2012-05-02,11.41,11.84,11.41,11.67,10.7096,27400.0,0.0,1.0
2012-05-03,12.15,12.66,12.15,12.5,11.4713,29000.0,0.0,1.0
2012-05-04,12.45,12.64,11.94,11.97,10.9849,25100.0,0.0,1.0
2012-05-07,11.92,11.97,11.57,11.85,10.8747,15000.0,0.0,1.0
2012-05-08,11.74,11.97,11.67,11.79,10.8197,12200.0,0.0,1.0
2012-05-09,11.61,11.78,11.35,11.52,10.5719,39000.0,0.0,1.0
2012-05-10,11.61,11.65,11.34,11.52,10.5719,22000.0,0.0,1.0
2012-05-11,11.44,11.8,11.33,11.54,10.5903,21400.0,0.0,1.0
2012-05-14,11.44,11.57,11.31,11.37,10.4343,19600.0,0.0,1.0
2012-05-15,11.44,11.55,11.18,11.36,10.4251,47000.0,0.0,1.0
2012-05-16,11.46,11.75,11.37,11.56,10.6086,27200.0,0.0,1.0
2012-05-17,11.64,11.71,11.39,11.52,10.5719,20800.0,0.0,1.0
2012-05-18,11.47,11.57,11.04,11.49,10.5444,25400.0,0.0,1.0
2012-05-21,11.49,11.6,11.38,11.55,10.5994,24800.0,0.0,1.0
2012-05-22,11.5,11.67,11.26,11.48,10.5352,63000.0,0.0,1.0
2012-05-23,11.45,11.51,10.98,11.21,10.2874,33000.0,0.0,1.0
2012-05-24,11.27,11.33,10.95,11.28,10.3517,34100.0,0.0,1.0
2012-05-25,11.31,11.45,11.07,11.21,10.2874,51100.0,0.0,1.0
2012-05-29,11.4,11.61,11.16,11.25,10.3241,42000.0,0.0,1.0
2012-05-30,11.21,11.35,11.2,11.27,10.3425,40500.0,0.0,1.0
2012-05-31,11.34,11.41,11.05,11.22,10.2966,34500.0,0.0,1.0
2012-06-01,10.93,11.29,10.9,11.06,10.1498,39000.0,0.0,1.0
2012-06-04,11.09,11.19,10.79,10.94,10.0396,25100.0,0.0,1.0
2012-06-05,10.93,11.14,10.66,11.02,10.1131,58100.0,0.0,1.0
2012-06-06,11.11,11.42,10.94,11.42,10.4801,21300.0,0.0,1.0
2012-06-07,11.57,11.57,11.16,11.22,10.2966,28500.0,0.0,1.0
2012-06-08,11.13,11.3,11.08,11.23,10.3058,22500.0,0.0,1.0
2012-06-11,11.42,11.55,11.02,11.03,10.1222,45100.0,0.0,1.0
2012-06-12,11.18,11.59,11.04,11.54,10.5903,14300.0,0.0,1.0
2012-06-13,11.56,11.79,11.32,11.54,10.5903,64500.0,0.0,1.0
2012-06-14,11.55,11.69,11.4,11.53,10.5811,24000.0,0.0,1.0
2012-06-15,11.49,12.36,11.43,12.34,11.3244,42700.0,0.0,1.0
2012-06-18,12.21,12.36,11.98,12.16,11.1592,23900.0,0.0,1.0
2012-06-19,12.25,12.59,12.08,12.54,11.508,33800.0,0.0,1.0
2012-06-20,12.58,12.72,12.35,12.5,11.4713,17100.0,0.0,1.0
2012-06-21,12.55,12.73,11.96,12.2,11.1959,18200.0,0.0,1.0
2012-06-22,12.29,12.45,12.08,12.2,11.1959,106400.0,0.0,1.0
2012-06-25,11.95,12.16,11.68,12.12,11.1225,15000.0,0.0,1.0
2012-06-26,12.11,12.48,11.42,12.42,11.3978,21700.0,0.0,1.0
2012-06-27,12.41,12.48,12.24,12.41,11.3887,66100.0,0.0,1.0
2012-06-28,12.27,12.32,11.94,12.19,11.1868,17100.0,0.0,1.0
2012-06-29,12.5,12.77,12.3,12.47,11.4437,46900.0,0.0,1.0
2012-07-02,12.45,12.89,12.45,12.89,11.8292,23100.0,0.0,1.0
2012-07-03,12.82,13.0,12.7,13.0,11.9301,28000.0,0.0,1.0
2012-07-05,12.96,13.0,12.76,12.91,11.8475,20000.0,0.0,1.0
2012-07-06,12.78,13.0,12.71,12.9,11.8383,8100.0,0.0,1.0
2012-07-09,12.9,13.0,12.74,13.0,11.9301,18100.0,0.0,1.0
2012-07-10,12.99,13.25,12.99,13.18,12.0953,20700.0,0.0,1.0
2012-07-11,13.15,13.15,13.05,13.08,12.0035,11000.0,0.0,1.0
2012-07-12,12.99,13.13,12.93,13.02,11.9485,19500.0,0.0,1.0
2012-07-13,13.2,13.2,13.06,13.14,12.0586,13100.0,0.0,1.0
2012-07-16,13.03,13.06,12.9,12.99,11.9209,13300.0,0.0,1.0
2012-07-17,13.03,13.13,12.91,13.08,12.0035,50900.0,0.0,1.0
2012-07-18,13.1,13.25,12.97,13.25,12.1595,26200.0,0.0,1.0
2012-07-19,13.31,13.31,13.05,13.05,11.976,75500.0,0.0,1.0
2012-07-20,12.94,13.16,12.94,13.07,11.9943,14500.0,0.0,1.0
2012-07-23,12.85,13.2,12.7,12.93,11.8659,39200.0,0.0,1.0
2012-07-24,13.03,13.11,12.78,12.87,11.8108,18500.0,0.0,1.0
2012-07-25,12.95,13.2,12.95,13.05,11.976,12300.0,0.0,1.0
2012-07-26,13.2,13.2,12.86,12.92,11.8567,16800.0,0.0,1.0
2012-07-27,12.99,13.19,12.99,13.15,12.0678,30300.0,0.0,1.0
2012-07-30,13.13,13.19,12.93,12.93,11.8885,3900.0,0.025,1.0
2012-07-31,12.94,13.14,12.77,12.88,11.8425,15500.0,0.0,1.0
2012-08-01,12.81,12.89,12.61,12.69,11.6678,22800.0,0.0,1.0
2012-08-02,12.69,12.79,10.72,12.6,11.585,14900.0,0.0,1.0
2012-08-03,12.76,12.87,12.5,12.78,11.7505,18000.0,0.0,1.0
2012-08-06,12.8,13.2,12.68,13.17,12.1091,15400.0,0.0,1.0
2012-08-07,10.91,13.2,10.91,12.65,11.631,77400.0,0.0,1.0
2012-08-08,12.52,13.01,12.31,12.75,11.723,13700.0,0.0,1.0
2012-08-09,12.79,13.01,12.4,12.54,11.5299,53600.0,0.0,1.0
2012-08-10,12.56,12.56,11.87,12.24,11.254,17400.0,0.0,1.0
2012-08-13,12.21,12.28,11.92,12.14,11.1621,18400.0,0.0,1.0
2012-08-14,12.13,12.27,12.07,12.11,11.1345,24400.0,0.0,1.0
2012-08-15,12.09,12.38,12.09,12.25,11.2632,92500.0,0.0,1.0
2012-08-16,12.22,12.23,12.04,12.19,11.2081,8000.0,0.0,1.0
2012-08-17,12.14,12.38,12.03,12.28,11.2908,9000.0,0.0,1.0
2012-08-20,12.36,12.36,12.05,12.16,11.1805,4900.0,0.0,1.0
2012-08-21,12.13,12.2,11.91,11.99,11.0242,23000.0,0.0,1.0
2012-08-22,11.98,12.05,11.79,11.9,10.9414,15400.0,0.0,1.0
2012-08-23,11.93,11.93,11.36,11.61,10.6748,13300.0,0.0,1.0
2012-08-24,11.55,11.74,11.44,11.58,10.6472,3800.0,0.0,1.0
2012-08-27,11.58,11.65,11.14,11.2,10.2978,9100.0,0.0,1.0
2012-08-28,11.22,11.27,10.92,11.01,10.1231,21100.0,0.0,1.0
2012-08-29,10.94,11.56,10.91,11.14,10.2427,38100.0,0.0,1.0
2012-08-30,11.04,11.15,10.81,10.91,10.0312,12100.0,0.0,1.0
2012-08-31,11.04,11.11,10.95,10.96,10.0772,9400.0,0.0,1.0
2012-09-04,11.17,11.33,10.95,11.28,10.3714,23400.0,0.0,1.0
2012-09-05,11.35,11.39,10.95,11.18,10.2794,26000.0,0.0,1.0
2012-09-06,11.13,11.53,11.13,11.31,10.399,27600.0,0.0,1.0
2012-09-07,11.37,11.4,10.97,11.18,10.2794,34800.0,0.0,1.0
2012-09-10,11.2,11.54,11.05,11.4,10.4817,8600.0,0.0,1.0
2012-09-11,11.53,11.69,11.4,11.57,10.638,57800.0,0.0,1.0
2012-09-12,11.62,12.13,11.62,11.89,10.9322,12900.0,0.0,1.0
2012-09-13,11.37,12.1,11.37,12.0,11.0334,24700.0,0.0,1.0
2012-09-14,12.04,12.09,11.79,11.98,11.015,24900.0,0.0,1.0
2012-09-17,11.97,12.09,11.69,11.99,11.0242,15400.0,0.0,1.0
2012-09-18,12.01,12.26,11.89,12.18,11.1989,15800.0,0.0,1.0
2012-09-19,12.2,12.2,12.02,12.12,11.1437,9400.0,0.0,1.0
2012-09-20,12.08,12.26,11.93,12.12,11.1437,12300.0,0.0,1.0
2012-09-21,12.35,12.35,11.95,12.06,11.0885,41900.0,0.0,1.0
2012-09-24,12.02,12.19,11.93,12.11,11.1345,6800.0,0.0,1.0
2012-09-25,12.16,12.19,12.07,12.08,11.1069,18800.0,0.0,1.0
2012-09-26,12.13,12.15,11.94,12.05,11.0794,5700.0,0.0,1.0
2012-09-27,12.15,12.22,11.95,12.16,11.1805,9800.0,0.0,1.0
2012-09-28,12.09,12.22,11.87,11.91,10.9506,19500.0,0.0,1.0
2012-10-01,12.02,12.17,11.9,12.14,11.1621,11900.0,0.0,1.0
2012-10-02,12.15,12.2,11.86,11.95,10.9874,21800.0,0.0,1.0
2012-10-03,11.98,12.24,11.98,12.12,11.1437,14800.0,0.0,1.0
2012-10-04,12.21,12.26,12.09,12.24,11.254,3100.0,0.0,1.0
2012-10-05,12.29,12.5,12.12,12.4,11.4012,10900.0,0.0,1.0
2012-10-08,12.32,12.58,11.98,12.17,11.1897,8400.0,0.0,1.0
2012-10-09,12.28,12.28,12.05,12.14,11.1621,4600.0,0.0,1.0
2012-10-10,12.2,12.2,12.0,12.15,11.1713,13200.0,0.0,1.0
2012-10-11,12.2,12.2,12.11,12.18,11.1989,3800.0,0.0,1.0
2012-10-12,12.09,12.11,12.03,12.03,11.061,5100.0,0.0,1.0
2012-10-15,12.1,12.16,12.0,12.16,11.1805,14600.0,0.0,1.0
2012-10-16,12.21,12.21,12.02,12.09,11.1161,5300.0,0.0,1.0
2012-10-17,12.15,12.19,12.1,12.15,11.1713,23700.0,0.0,1.0
2012-10-18,12.17,12.18,12.0,12.01,11.0426,18600.0,0.0,1.0
2012-10-19,11.96,12.02,11.59,11.59,10.6564,19800.0,0.0,1.0
2012-10-22,11.53,11.59,11.34,11.37,10.4541,4600.0,0.0,1.0
2012-10-23,11.3,11.3,11.08,11.09,10.1967,16600.0,0.0,1.0
2012-10-24,11.18,11.18,11.04,11.04,10.1507,3800.0,0.0,1.0
2012-10-25,11.17,11.41,11.01,11.29,10.3806,8200.0,0.0,1.0
2012-10-26,11.33,11.36,11.19,11.25,10.3438,8600.0,0.0,1.0
2012-10-31,11.27,11.27,11.07,11.1,10.2286,7800.0,0.025,1.0
2012-11-01,10.97,11.2,10.97,11.09,10.2194,16300.0,0.0,1.0
2012-11-02,11.1,11.32,10.9,10.92,10.0627,13700.0,0.0,1.0
2012-11-05,10.91,11.2,10.91,11.08,10.2102,7600.0,0.0,1.0
2012-11-06,11.09,11.23,11.09,11.22,10.3392,9400.0,0.0,1.0
2012-11-07,11.08,11.08,10.76,10.98,10.118,19500.0,0.0,1.0
2012-11-08,10.93,11.15,10.15,10.64,9.8047,26400.0,0.0,1.0
2012-11-09,10.61,10.97,9.95,10.21,9.4085,52700.0,0.0,1.0
2012-11-12,10.22,10.45,9.93,9.94,9.1597,4700.0,0.0,1.0
2012-11-13,9.92,10.11,9.83,9.87,9.0952,4600.0,0.0,1.0
2012-11-14,9.94,9.94,9.62,9.64,8.8832,10200.0,0.0,1.0
2012-11-15,9.6,9.6,9.08,9.21,8.487,12100.0,0.0,1.0
2012-11-16,9.16,9.36,9.15,9.22,8.4962,28600.0,0.0,1.0
2012-11-19,9.04,9.36,9.04,9.3,8.5699,35200.0,0.0,1.0
2012-11-20,9.26,9.67,9.26,9.42,8.6805,10500.0,0.0,1.0
2012-11-21,9.42,9.56,9.34,9.56,8.8095,167700.0,0.0,1.0
2012-11-23,9.55,9.6,9.55,9.59,8.8371,5700.0,0.0,1.0
2012-11-26,9.0,9.62,9.0,9.58,8.8279,25200.0,0.0,1.0
2012-11-27,9.6,9.66,9.45,9.59,8.8371,10800.0,0.0,1.0
2012-11-28,9.51,9.6,9.34,9.59,8.8371,5200.0,0.0,1.0
2012-11-29,9.7,9.86,9.7,9.86,9.086,5100.0,0.0,1.0
2012-11-30,9.9,10.06,9.89,10.0,9.215,22500.0,0.0,1.0
2012-12-03,10.1,10.24,9.72,10.13,9.3348,8400.0,0.0,1.0
2012-12-04,10.12,10.25,9.94,10.24,9.4361,13400.0,0.0,1.0
2012-12-05,10.29,10.43,10.12,10.28,9.473,10400.0,0.0,1.0
2012-12-06,10.24,10.3,10.2,10.28,9.473,2900.0,0.0,1.0
2012-12-07,10.34,10.34,10.11,10.18,9.3808,12900.0,0.0,1.0
2012-12-10,10.16,10.41,10.13,10.41,9.5928,14400.0,0.0,1.0
2012-12-11,10.5,10.52,10.32,10.47,9.6481,17700.0,0.0,1.0
2012-12-12,10.51,10.58,10.45,10.5,9.6757,13800.0,0.0,1.0
2012-12-13,10.49,10.56,10.45,10.51,9.6849,5600.0,0.0,1.0
2012-12-14,10.55,10.66,9.91,10.35,9.5375,32900.0,0.0,1.0
2012-12-17,10.28,10.39,10.22,10.38,9.5651,14400.0,0.0,1.0
2012-12-18,10.4,10.62,10.34,10.5,9.6757,30700.0,0.0,1.0
2012-12-19,10.31,10.57,10.26,10.5,9.6757,46500.0,0.0,1.0
2012-12-20,10.38,10.5,10.33,10.5,9.6757,16300.0,0.0,1.0
2012-12-21,10.59,10.59,10.44,10.47,9.6481,59900.0,0.0,1.0
2012-12-24,10.47,10.56,10.4,10.4,9.5836,2500.0,0.0,1.0
2012-12-26,10.44,10.67,10.44,10.56,9.731,13000.0,0.0,1.0
2012-12-27,10.6,10.61,10.45,10.47,9.6481,19100.0,0.0,1.0
2012-12-28,10.46,10.46,10.35,10.35,9.5375,5700.0,0.0,1.0
2012-12-31,10.33,10.61,10.3,10.61,9.7771,18700.0,0.0,1.0
2013-01-02,10.84,10.84,10.65,10.72,9.8784,30100.0,0.0,1.0
2013-01-03,10.77,10.77,10.31,10.4,9.5836,15100.0,0.0,1.0
2013-01-04,10.43,10.68,10.42,10.44,9.6204,11100.0,0.0,1.0
2013-01-07,10.29,10.6,10.29,10.54,9.7126,12900.0,0.0,1.0
2013-01-08,10.56,10.6,10.45,10.47,9.6481,15400.0,0.0,1.0
2013-01-09,10.53,10.7,10.37,10.47,9.6481,15400.0,0.0,1.0
2013-01-10,10.53,10.56,10.45,10.5,9.6757,6200.0,0.0,1.0
2013-01-11,10.54,10.54,10.45,10.45,9.6296,6600.0,0.0,1.0
2013-01-14,10.44,10.58,10.44,10.55,9.7218,3700.0,0.0,1.0
2013-01-15,10.48,10.64,10.46,10.49,9.6665,7600.0,0.0,1.0
2013-01-16,10.49,10.51,10.45,10.45,9.6296,6500.0,0.0,1.0
2013-01-17,11.02,11.02,10.53,10.67,9.8324,4100.0,0.0,1.0
2013-01-18,10.68,10.7,10.51,10.55,9.7218,16000.0,0.0,1.0
2013-01-22,10.51,10.54,10.46,10.5,9.6757,12300.0,0.0,1.0
2013-01-23,10.52,10.61,10.45,10.47,9.6481,13000.0,0.0,1.0
2013-01-24,10.47,10.85,10.47,10.74,9.8969,17700.0,0.0,1.0
2013-01-25,10.81,11.29,10.63,10.86,10.0074,28400.0,0.0,1.0
2013-01-28,10.86,10.87,10.64,10.75,9.9061,10100.0,0.0,1.0
2013-01-29,10.77,11.07,10.75,10.98,10.118,7600.0,0.0,1.0
2013-01-30,10.91,10.91,10.59,10.62,9.8086,25600.0,0.025,1.0
2013-01-31,10.62,10.65,10.49,10.64,9.8271,13800.0,0.0,1.0
2013-02-01,10.61,10.64,10.45,10.47,9.6701,24600.0,0.0,1.0
2013-02-04,10.38,10.48,10.28,10.35,9.5592,20400.0,0.0,1.0
2013-02-05,10.37,10.65,10.37,10.58,9.7717,8200.0,0.0,1.0
2013-02-06,10.5,10.71,10.48,10.67,9.8548,2900.0,0.0,1.0
2013-02-07,10.41,10.84,10.41,10.83,10.0026,4500.0,0.0,1.0
2013-02-08,11.14,11.14,10.77,10.93,10.0949,19300.0,0.0,1.0
2013-02-11,10.92,11.01,10.8,10.97,10.1319,1800.0,0.0,1.0
2013-02-12,11.1,11.1,11.01,11.07,10.2242,5200.0,0.0,1.0
2013-02-13,11.05,11.18,10.94,10.97,10.1319,4600.0,0.0,1.0
2013-02-14,11.0,11.16,11.0,11.15,10.2981,5200.0,0.0,1.0
2013-02-15,11.21,11.22,10.79,11.05,10.2058,13500.0,0.0,1.0
2013-02-19,11.11,11.33,10.99,11.31,10.4459,12200.0,0.0,1.0
2013-02-20,11.28,11.36,11.19,11.19,10.3351,12300.0,0.0,1.0
2013-02-21,11.23,11.33,11.13,11.19,10.3351,3000.0,0.0,1.0
2013-02-22,11.29,11.29,11.07,11.13,10.2797,4700.0,0.0,1.0
2013-02-25,11.13,11.13,10.67,10.71,9.8917,10000.0,0.0,1.0
2013-02-26,10.78,10.78,10.46,10.72,9.901,2500.0,0.0,1.0
2013-02-27,10.95,10.98,10.77,10.88,10.0488,5000.0,0.0,1.0
2013-02-28,10.88,10.93,10.65,10.87,10.0395,4500.0,0.0,1.0
2013-03-01,10.77,10.93,10.67,10.83,10.0026,3600.0,0.0,1.0
2013-03-04,10.77,10.82,10.7,10.75,9.9287,2100.0,0.0,1.0
2013-03-05,10.73,10.9,10.64,10.76,9.9379,9600.0,0.0,1.0
2013-03-06,10.76,11.03,10.69,10.72,9.901,4200.0,0.0,1.0
2013-03-07,10.75,10.86,10.68,10.83,10.0026,3500.0,0.0,1.0
2013-03-08,10.94,11.26,10.94,11.21,10.3535,13000.0,0.0,1.0
2013-03-11,11.16,11.18,10.67,10.8,9.9749,15000.0,0.0,1.0
2013-03-12,10.75,10.96,10.75,10.89,10.058,4200.0,0.0,1.0
2013-03-13,10.67,11.03,10.67,11.03,10.1873,2100.0,0.0,1.0
2013-03-14,11.27,12.19,11.27,12.06,11.1386,49300.0,0.0,1.0
2013-03-15,12.84,13.0,11.79,12.05,11.1294,58800.0,0.0,1.0
2013-03-18,11.8,11.8,11.44,11.55,10.6676,67100.0,0.0,1.0
2013-03-19,11.61,11.64,11.32,11.34,10.4736,51000.0,0.0,1.0
2013-03-20,11.43,11.51,11.25,11.44,10.566,72500.0,0.0,1.0
2013-03-21,11.33,11.36,10.9,10.98,10.1411,55200.0,0.0,1.0
2013-03-22,10.99,11.06,10.79,10.92,10.0857,55000.0,0.0,1.0
2013-03-25,11.03,11.15,10.95,11.13,10.2797,9900.0,0.0,1.0
2013-03-26,11.22,11.26,11.06,11.23,10.372,14900.0,0.0,1.0
2013-03-27,11.23,11.3,11.23,11.24,10.3813,11900.0,0.0,1.0
2013-03-28,11.3,11.5,11.25,11.41,10.5383,14600.0,0.0,1.0
2013-04-01,11.43,11.45,11.11,11.4,10.529,21300.0,0.0,1.0
2013-04-02,11.5,11.72,11.4,11.64,10.7507,16900.0,0.0,1.0
2013-04-03,11.7,11.96,11.61,11.65,10.7599,22600.0,0.0,1.0
2013-04-04,11.66,12.25,11.59,12.08,11.1571,46000.0,0.0,1.0
2013-04-05,11.82,12.15,11.82,12.06,11.1386,15100.0,0.0,1.0
2013-04-08,12.15,12.4,12.04,12.4,11.4526,29700.0,0.0,1.0
2013-04-09,12.5,12.81,12.42,12.42,11.4711,20400.0,0.0,1.0
2013-04-10,12.42,13.06,12.42,13.0,12.0068,32700.0,0.0,1.0
2013-04-11,12.93,13.15,12.93,13.09,12.0899,13000.0,0.0,1.0
2013-04-12,13.13,13.2,13.03,13.14,12.1361,11400.0,0.0,1.0
2013-04-15,13.08,13.19,12.41,12.42,11.4711,40300.0,0.0,1.0
2013-04-16,12.56,13.06,12.56,12.89,11.9052,39900.0,0.0,1.0
2013-04-17,12.83,12.98,12.46,12.52,11.5635,20400.0,0.0,1.0
2013-04-18,12.58,12.86,12.56,12.79,11.8128,29400.0,0.0,1.0
2013-04-19,12.79,13.0,12.36,13.0,12.0068,20100.0,0.0,1.0
2013-04-22,12.97,12.98,12.57,12.81,11.8313,9600.0,0.0,1.0
2013-04-23,12.97,13.0,12.82,12.99,11.9976,28500.0,0.0,1.0
2013-04-24,13.02,13.02,12.68,12.76,11.7851,19000.0,0.0,1.0
2013-04-25,12.83,12.95,12.75,12.8,11.8221,4000.0,0.0,1.0
2013-04-26,12.79,12.97,12.77,12.86,11.8775,11400.0,0.0,1.0
2013-04-29,12.84,13.75,12.84,13.62,12.6098,32400.0,0.031,1.0
2013-04-30,13.55,13.55,13.3,13.5,12.4987,43900.0,0.0,1.0
2013-05-01,13.49,13.69,13.41,13.57,12.5635,47700.0,0.0,1.0
2013-05-02,13.05,13.05,12.05,12.47,11.5451,136200.0,0.0,1.0
2013-05-03,12.95,12.97,12.25,12.7,11.7581,50800.0,0.0,1.0
2013-05-06,12.66,12.7,12.11,12.69,11.7488,11200.0,0.0,1.0
2013-05-07,12.69,12.84,12.6,12.79,11.8414,16400.0,0.0,1.0
2013-05-08,12.79,13.0,12.72,12.79,11.8414,20800.0,0.0,1.0
2013-05-09,12.74,12.94,12.7,12.79,11.8414,22000.0,0.0,1.0
2013-05-10,12.79,13.15,12.71,13.14,12.1654,23600.0,0.0,1.0
2013-05-13,12.93,12.93,12.51,12.82,11.8692,18600.0,0.0,1.0
2013-05-14,12.82,13.05,12.81,12.96,11.9988,18100.0,0.0,1.0
2013-05-15,12.96,13.01,12.78,12.81,11.8599,12400.0,0.0,1.0
2013-05-16,12.8,13.15,12.79,13.1,12.1284,123700.0,0.0,1.0
2013-05-17,13.11,13.35,12.82,12.99,12.0265,28400.0,0.0,1.0
2013-05-20,12.85,13.21,12.59,13.11,12.1376,18400.0,0.0,1.0
2013-05-21,13.0,13.12,12.9,13.01,12.0451,12800.0,0.0,1.0
2013-05-22,12.98,13.17,12.92,13.02,12.0543,27700.0,0.0,1.0
2013-05-23,12.95,13.25,12.95,13.25,12.2673,65700.0,0.0,1.0
2013-05-24,13.2,13.21,13.05,13.15,12.1747,22600.0,0.0,1.0
2013-05-28,13.25,13.5,13.14,13.4,12.4061,64300.0,0.0,1.0
2013-05-29,13.38,13.44,13.3,13.3,12.3136,38900.0,0.0,1.0
2013-05-30,13.38,13.5,13.34,13.48,12.4802,40200.0,0.0,1.0
2013-05-31,13.43,13.55,13.42,13.46,12.4617,36100.0,0.0,1.0
2013-06-03,13.54,13.6,13.28,13.4,12.4061,54600.0,0.0,1.0
2013-06-04,13.4,13.43,13.25,13.33,12.3413,7100.0,0.0,1.0
2013-06-05,13.32,13.46,13.25,13.32,12.3321,12800.0,0.0,1.0
2013-06-06,13.29,13.29,12.72,12.95,11.9895,35900.0,0.0,1.0
2013-06-07,13.0,13.34,12.06,12.72,11.7766,72600.0,0.0,1.0
2013-06-10,12.68,12.85,12.5,12.67,11.7303,33000.0,0.0,1.0
2013-06-11,12.58,12.87,12.5,12.71,11.7673,19100.0,0.0,1.0
2013-06-12,12.83,13.24,12.76,12.87,11.9154,25300.0,0.0,1.0
2013-06-13,12.85,13.19,12.78,13.05,12.0821,23400.0,0.0,1.0
2013-06-14,13.07,13.15,12.59,12.64,11.7025,19300.0,0.0,1.0
2013-06-17,12.78,13.04,12.63,12.97,12.008,14100.0,0.0,1.0
2013-06-18,13.03,13.35,12.86,13.34,12.3506,21400.0,0.0,1.0
2013-06-19,13.38,13.5,13.2,13.21,12.2302,15300.0,0.0,1.0
2013-06-20,13.08,13.15,12.9,13.0,12.0358,16500.0,0.0,1.0
2013-06-21,13.08,13.25,13.06,13.25,12.2673,52600.0,0.0,1.0
2013-06-24,13.17,13.46,13.01,13.36,12.3691,18800.0,0.0,1.0
2013-06-25,13.52,13.52,13.11,13.29,12.3043,23700.0,0.0,1.0
2013-06-26,13.44,13.44,13.12,13.29,12.3043,6400.0,0.0,1.0
2013-06-27,13.32,13.55,13.0,13.54,12.5358,21200.0,0.0,1.0
2013-06-28,13.55,13.6,13.36,13.58,12.5728,112600.0,0.0,1.0
2013-07-01,13.69,13.84,13.67,13.75,12.7302,41700.0,0.0,1.0
2013-07-02,13.7,13.96,13.7,13.92,12.8876,84200.0,0.0,1.0
2013-07-03,13.85,13.97,13.84,13.92,12.8876,15400.0,0.0,1.0
2013-07-05,14.0,14.0,13.9,14.0,12.9616,23800.0,0.0,1.0
2013-07-08,14.01,14.1,13.84,13.98,12.9431,23800.0,0.0,1.0
2013-07-09,14.01,14.1,13.86,13.9,12.869,26700.0,0.0,1.0
2013-07-10,13.93,14.1,13.86,13.88,12.8505,16700.0,0.0,1.0
2013-07-11,14.07,14.1,13.84,13.98,12.9431,36500.0,0.0,1.0
2013-07-12,13.92,14.0,13.83,13.83,12.8042,28800.0,0.0,1.0
2013-07-15,13.88,14.22,13.88,14.1,13.0542,29300.0,0.0,1.0
2013-07-16,14.15,14.2,14.13,14.13,13.082,13500.0,0.0,1.0
2013-07-17,14.2,14.2,14.1,14.18,13.1283,22300.0,0.0,1.0
2013-07-18,14.23,14.3,14.08,14.24,13.1838,20400.0,0.0,1.0
2013-07-19,14.25,14.48,14.23,14.35,13.2857,15700.0,0.0,1.0
2013-07-22,14.29,14.71,14.29,14.71,13.619,40300.0,0.0,1.0
2013-07-23,14.7,14.87,14.7,14.85,13.7486,9400.0,0.0,1.0
2013-07-24,14.84,14.9,14.69,14.85,13.7486,28400.0,0.0,1.0
2013-07-25,14.79,15.0,14.79,15.0,13.8875,25800.0,0.0,1.0
2013-07-26,14.89,15.0,14.82,14.99,13.8782,11900.0,0.0,1.0
2013-07-29,14.99,15.31,14.86,14.98,13.8689,15000.0,0.0,1.0
2013-07-30,15.03,15.24,14.89,14.95,13.8699,8000.0,0.031,1.0
2013-07-31,15.02,15.02,14.86,14.98,13.8977,12700.0,0.0,1.0
2013-08-01,15.04,15.04,14.34,14.53,13.4802,34900.0,0.0,1.0
2013-08-02,14.49,14.6,14.1,14.56,13.508,6000.0,0.0,1.0
2013-08-05,14.61,14.61,14.3,14.51,13.4617,14100.0,0.0,1.0
2013-08-06,14.58,14.58,14.26,14.32,13.2854,14100.0,0.0,1.0
2013-08-07,14.34,14.55,14.3,14.5,13.4524,16200.0,0.0,1.0
2013-08-08,14.3,14.73,14.02,14.66,13.6008,18200.0,0.0,1.0
2013-08-09,14.68,14.74,14.46,14.68,13.6194,7600.0,0.0,1.0
2013-08-12,14.61,14.66,14.0,14.11,13.0906,35500.0,0.0,1.0
2013-08-13,14.07,14.33,13.52,14.19,13.1648,26800.0,0.0,1.0
2013-08-14,14.15,14.15,13.87,13.99,12.9792,42300.0,0.0,1.0
2013-08-15,13.89,13.89,13.55,13.67,12.6824,20800.0,0.0,1.0
2013-08-16,13.58,13.9,13.5,13.57,12.5896,18300.0,0.0,1.0
2013-08-19,13.51,13.97,13.5,13.53,12.5525,16700.0,0.0,1.0
2013-08-20,13.59,13.74,13.52,13.69,12.7009,9700.0,0.0,1.0
2013-08-21,13.69,13.69,13.5,13.54,12.5617,11900.0,0.0,1.0
2013-08-22,13.6,13.74,13.6,13.74,12.7473,4600.0,0.0,1.0
2013-08-23,13.74,13.75,13.62,13.73,12.738,20500.0,0.0,1.0
2013-08-26,13.72,13.75,13.64,13.69,12.7009,7300.0,0.0,1.0
2013-08-27,13.67,13.75,13.5,13.58,12.5989,23300.0,0.0,1.0
2013-08-28,13.56,13.75,13.56,13.6,12.6174,8700.0,0.0,1.0
2013-08-29,13.61,13.75,13.5,13.74,12.7473,19400.0,0.0,1.0
2013-08-30,13.71,13.95,13.71,13.83,12.8308,28300.0,0.0,1.0
2013-09-03,13.94,13.95,13.63,13.92,12.9143,7300.0,0.0,1.0
2013-09-04,13.88,13.95,13.74,13.93,12.9236,15600.0,0.0,1.0
2013-09-05,13.95,13.95,13.8,13.91,12.905,10100.0,0.0,1.0
2013-09-06,13.95,13.95,13.7,13.84,12.8401,9100.0,0.0,1.0
2013-09-09,13.61,13.95,13.61,13.94,12.9328,9700.0,0.0,1.0
2013-09-10,13.98,14.11,13.91,14.08,13.0627,22900.0,0.0,1.0
2013-09-11,14.1,14.75,14.1,14.61,13.5544,22800.0,0.0,1.0
2013-09-12,14.6,14.7,14.6,14.64,13.5823,6000.0,0.0,1.0
2013-09-13,14.69,14.77,14.62,14.75,13.6843,9700.0,0.0,1.0
2013-09-16,14.89,14.9,14.73,14.9,13.8235,9400.0,0.0,1.0
2013-09-17,14.99,15.2,14.88,15.2,14.1018,24600.0,0.0,1.0
2013-09-18,15.16,15.5,15.02,15.48,14.3616,17600.0,0.0,1.0
2013-09-19,15.5,15.5,15.25,15.38,14.2688,25100.0,0.0,1.0
2013-09-20,15.43,15.5,15.29,15.41,14.2966,35000.0,0.0,1.0
2013-09-23,15.47,15.97,15.29,15.91,14.7605,20000.0,0.0,1.0
2013-09-24,15.97,16.35,15.76,16.2,15.0296,27000.0,0.0,1.0
2013-09-25,16.2,16.35,16.14,16.14,14.9739,9300.0,0.0,1.0
2013-09-26,16.22,16.34,15.03,15.38,14.2688,75800.0,0.0,1.0
2013-09-27,15.34,15.78,15.28,15.38,14.2688,11900.0,0.0,1.0
2013-09-30,15.19,15.48,14.67,15.29,14.1853,20600.0,0.0,1.0
2013-10-01,15.21,15.37,15.06,15.14,14.0461,17500.0,0.0,1.0
2013-10-02,15.14,15.14,14.9,14.93,13.8513,28800.0,0.0,1.0
2013-10-03,14.89,14.9,14.48,14.62,13.5637,19500.0,0.0,1.0
2013-10-04,14.58,14.63,14.47,14.54,13.4895,8200.0,0.0,1.0
2013-10-07,14.48,14.58,14.35,14.42,13.3782,5200.0,0.0,1.0
2013-10-08,14.45,14.45,14.25,14.3,13.2668,14100.0,0.0,1.0
2013-10-09,14.39,14.41,14.25,14.32,13.2854,13500.0,0.0,1.0
2013-10-10,14.46,14.92,14.44,14.88,13.8049,23200.0,0.0,1.0
2013-10-11,14.82,15.25,14.78,14.99,13.907,31100.0,0.0,1.0
2013-10-14,14.91,15.18,14.68,15.18,14.0833,7700.0,0.0,1.0
2013-10-15,15.07,15.3,14.94,14.95,13.8699,39800.0,0.0,1.0
2013-10-16,15.0,15.83,15.0,15.76,14.6214,9400.0,0.0,1.0
2013-10-17,15.63,15.96,15.63,15.92,14.7698,8000.0,0.0,1.0
2013-10-18,16.09,16.3,15.5,15.78,14.6399,52600.0,0.0,1.0
2013-10-21,15.75,16.16,15.75,15.94,14.7883,20400.0,0.0,1.0
2013-10-22,16.15,16.31,16.1,16.2,15.0296,12400.0,0.0,1.0
2013-10-23,16.21,16.35,16.03,16.11,14.9461,18400.0,0.0,1.0
2013-10-24,16.0,16.24,16.0,16.22,15.0481,6900.0,0.0,1.0
2013-10-25,16.29,16.35,16.12,16.16,14.9925,19100.0,0.0,1.0
2013-10-28,16.09,16.34,15.93,16.03,14.8718,38800.0,0.0,1.0
2013-10-29,16.03,16.2,15.94,16.04,14.8811,11800.0,0.0,1.0
2013-10-30,15.73,16.03,15.63,15.65,14.5474,16400.0,0.031,1.0
2013-10-31,15.68,15.7,15.56,15.66,14.5567,20900.0,0.0,1.0
2013-11-01,15.63,16.0,15.15,15.39,14.3057,44000.0,0.0,1.0
2013-11-04,15.39,15.68,15.23,15.6,14.5009,15300.0,0.0,1.0
2013-11-05,15.57,15.9,15.49,15.52,14.4266,53300.0,0.0,1.0
2013-11-06,15.56,15.69,15.49,15.49,14.3987,60900.0,0.0,1.0
2013-11-07,15.79,16.0,15.18,15.3,14.2221,23700.0,0.0,1.0
2013-11-08,15.28,15.59,14.82,15.02,13.9618,19700.0,0.0,1.0
2013-11-11,14.95,14.97,14.53,14.6,13.5714,22800.0,0.0,1.0
2013-11-12,14.59,15.48,14.11,14.15,13.1531,17400.0,0.0,1.0
2013-11-13,14.1,14.23,13.87,14.02,13.0323,23200.0,0.0,1.0
2013-11-14,14.03,14.22,14.03,14.08,13.088,8100.0,0.0,1.0
2013-11-15,14.2,14.64,14.2,14.39,13.3762,32100.0,0.0,1.0
2013-11-18,14.64,14.9,14.4,14.68,13.6458,49000.0,0.0,1.0
2013-11-19,14.65,14.65,14.3,14.52,13.497,33500.0,0.0,1.0
2013-11-20,14.53,14.74,14.3,14.74,13.7015,10400.0,0.0,1.0
2013-11-21,14.75,14.75,14.49,14.75,13.7108,15300.0,0.0,1.0
2013-11-22,14.75,14.75,14.3,14.72,13.6829,12200.0,0.0,1.0
2013-11-25,14.73,14.73,14.36,14.62,13.59,31700.0,0.0,1.0
2013-11-26,14.68,14.75,14.44,14.56,13.5342,65400.0,0.0,1.0
2013-11-27,14.54,14.82,14.42,14.55,13.5249,54800.0,0.0,1.0
2013-11-29,14.66,14.75,14.5,14.62,13.59,13600.0,0.0,1.0
2013-12-02,14.64,14.74,14.1,14.19,13.1903,21900.0,0.0,1.0
2013-12-03,14.08,14.38,14.0,14.22,13.2182,37100.0,0.0,1.0
2013-12-04,14.12,14.51,14.0,14.32,13.3111,21600.0,0.0,1.0
2013-12-05,14.37,14.46,13.82,13.93,12.9486,56700.0,0.0,1.0
2013-12-06,14.08,14.5,13.8,14.37,13.3576,72100.0,0.0,1.0
2013-12-09,14.45,14.5,14.08,14.37,13.3576,52200.0,0.0,1.0
2013-12-10,14.39,14.57,14.21,14.51,13.4877,22900.0,0.0,1.0
2013-12-11,14.57,14.6,14.44,14.48,13.4598,23300.0,0.0,1.0
2013-12-12,14.45,14.88,14.38,14.76,13.7201,22600.0,0.0,1.0
2013-12-13,14.77,15.19,14.64,15.09,14.0269,19700.0,0.0,1.0
2013-12-16,15.1,15.25,14.8,15.23,14.157,19300.0,0.0,1.0
2013-12-17,15.31,15.67,15.15,15.48,14.3894,20000.0,0.0,1.0
2013-12-18,15.52,16.02,15.52,16.01,14.8821,29700.0,0.0,1.0
2013-12-19,15.86,15.94,15.8,15.89,14.7705,17500.0,0.0,1.0
2013-12-20,15.96,16.11,15.96,16.1,14.9657,96900.0,0.0,1.0
2013-12-23,16.15,16.2,15.87,16.18,15.0401,24500.0,0.0,1.0
2013-12-24,16.2,16.2,16.0,16.18,15.0401,9900.0,0.0,1.0
2013-12-26,16.2,16.2,15.87,15.94,14.817,11800.0,0.0,1.0
2013-12-27,16.01,16.01,15.7,15.95,14.8263,10900.0,0.0,1.0
2013-12-30,15.94,16.0,15.79,15.79,14.6776,5100.0,0.0,1.0
2013-12-31,15.85,15.89,15.63,15.73,14.6218,14300.0,0.0,1.0
2014-01-02,15.65,15.71,15.3,15.38,14.2964,22500.0,0.0,1.0
2014-01-03,15.36,15.9,15.2,15.88,14.7612,24100.0,0.0,1.0
2014-01-06,16.17,16.17,15.46,15.87,14.7519,22100.0,0.0,1.0
2014-01-07,15.94,16.17,15.93,16.01,14.8821,26100.0,0.0,1.0
2014-01-08,16.05,16.05,15.37,15.43,14.3429,7900.0,0.0,1.0
2014-01-09,15.35,15.44,15.15,15.29,14.2128,19800.0,0.0,1.0
2014-01-10,15.41,16.07,14.82,15.33,14.25,22300.0,0.0,1.0
2014-01-13,15.11,16.2,15.05,15.99,14.8635,35500.0,0.0,1.0
2014-01-14,16.02,16.04,15.61,15.74,14.6311,21500.0,0.0,1.0
2014-01-15,15.9,16.4,15.9,16.35,15.1981,75200.0,0.0,1.0
2014-01-16,16.36,16.79,16.36,16.63,15.4584,45200.0,0.0,1.0
2014-01-17,16.69,16.8,15.93,16.27,15.1237,25900.0,0.0,1.0
2014-01-21,16.45,16.53,16.25,16.41,15.2539,21000.0,0.0,1.0
2014-01-22,16.49,16.71,16.32,16.5,15.3375,19100.0,0.0,1.0
2014-01-23,16.37,16.77,16.3,16.51,15.3468,20200.0,0.0,1.0
2014-01-24,16.43,16.78,16.18,16.28,15.133,23500.0,0.0,1.0
2014-01-27,16.42,16.42,15.93,16.03,14.9006,22500.0,0.0,1.0
2014-01-28,16.09,16.26,15.64,15.94,14.817,25000.0,0.0,1.0
2014-01-29,15.8,15.8,15.06,15.55,14.489,18200.0,0.038,1.0
2014-01-30,15.67,16.37,15.6,15.84,14.7592,19400.0,0.0,1.0
2014-01-31,15.56,15.8,15.37,15.42,14.3679,26200.0,0.0,1.0
2014-02-03,15.43,15.76,14.69,14.82,13.8088,32300.0,0.0,1.0
2014-02-04,14.95,14.95,14.33,14.71,13.7063,28300.0,0.0,1.0
2014-02-05,14.67,14.71,14.33,14.5,13.5106,15500.0,0.0,1.0
2014-02-06,14.57,14.7,14.33,14.54,13.5479,15100.0,0.0,1.0
2014-02-07,14.53,14.7,14.5,14.6,13.6038,18000.0,0.0,1.0
2014-02-10,14.66,14.66,14.03,14.41,13.4268,31000.0,0.0,1.0
2014-02-11,14.34,14.72,14.31,14.56,13.5665,22400.0,0.0,1.0
2014-02-12,14.65,15.01,14.65,14.71,13.7063,15300.0,0.0,1.0
2014-02-13,14.76,15.19,14.65,14.96,13.9393,19700.0,0.0,1.0
2014-02-14,14.99,15.0,14.75,14.92,13.902,12300.0,0.0,1.0
2014-02-18,14.77,15.19,14.53,15.05,14.0231,12700.0,0.0,1.0
2014-02-19,15.05,15.21,14.89,14.89,13.874,18000.0,0.0,1.0
2014-02-20,14.78,15.4,14.78,15.17,14.1349,17000.0,0.0,1.0
2014-02-21,15.27,15.5,15.08,15.34,14.2933,19600.0,0.0,1.0
2014-02-24,15.51,16.5,15.51,16.44,15.3183,44300.0,0.0,1.0
2014-02-25,16.4,16.5,16.14,16.47,15.3462,30200.0,0.0,1.0
2014-02-26,16.4,16.88,16.35,16.85,15.7003,32800.0,0.0,1.0
2014-02-27,16.94,16.95,16.75,16.9,15.7469,21900.0,0.0,1.0
2014-02-28,16.97,17.08,16.71,16.74,15.5978,28500.0,0.0,1.0
2014-03-03,16.66,17.05,16.52,16.98,15.8214,21000.0,0.0,1.0
2014-03-04,17.04,17.04,16.81,16.97,15.8121,65800.0,0.0,1.0
2014-03-05,16.9,17.05,16.9,16.98,15.8214,19800.0,0.0,1.0
2014-03-06,16.96,17.72,16.88,17.54,16.3432,23900.0,0.0,1.0
2014-03-07,17.55,17.58,17.46,17.58,16.3805,13000.0,0.0,1.0
2014-03-10,17.45,18.3,17.45,18.27,17.0234,53700.0,0.0,1.0
2014-03-11,18.18,18.56,17.57,18.12,16.8836,25800.0,0.0,1.0
2014-03-12,18.13,18.25,17.46,18.04,16.8091,27400.0,0.0,1.0
2014-03-13,18.5,18.84,18.07,18.31,17.0607,38200.0,0.0,1.0
2014-03-14,18.27,18.81,18.17,18.81,17.5266,119900.0,0.0,1.0
2014-03-17,18.81,18.81,17.45,17.86,16.6414,88300.0,0.0,1.0
2014-03-18,17.86,18.24,17.85,18.1,16.865,56500.0,0.0,1.0
2014-03-19,18.01,18.25,17.5,17.68,16.4737,40600.0,0.0,1.0
2014-03-20,17.72,18.04,17.66,17.74,16.5296,34900.0,0.0,1.0
2014-03-21,17.74,17.74,17.13,17.37,16.1848,100200.0,0.0,1.0
2014-03-24,17.54,17.54,16.55,17.21,16.0357,63300.0,0.0,1.0
2014-03-25,17.1,17.68,17.1,17.5,16.306,19900.0,0.0,1.0
2014-03-26,17.6,17.99,17.39,17.45,16.2594,36600.0,0.0,1.0
2014-03-27,17.41,17.95,17.15,17.35,16.1662,31000.0,0.0,1.0
2014-03-28,17.29,18.0,16.99,17.57,16.3712,23400.0,0.0,1.0
2014-03-31,17.6,17.98,17.42,17.86,16.6414,49700.0,0.0,1.0
2014-04-01,17.94,18.29,17.9,18.26,17.0141,81400.0,0.0,1.0
2014-04-02,18.23,18.73,17.88,18.01,16.7812,61700.0,0.0,1.0
2014-04-03,18.0,18.28,17.9,17.98,16.7532,57600.0,0.0,1.0
2014-04-04,18.16,18.25,17.55,17.94,16.7159,38500.0,0.0,1.0
2014-04-07,17.94,18.48,17.94,18.18,16.9396,66700.0,0.0,1.0
2014-04-08,18.12,18.62,18.01,18.19,16.9489,91900.0,0.0,1.0
2014-04-09,18.42,18.49,18.01,18.37,17.1166,73400.0,0.0,1.0
2014-04-10,18.29,18.34,17.9,17.97,16.7439,45900.0,0.0,1.0
2014-04-11,17.77,18.19,17.77,17.97,16.7439,36700.0,0.0,1.0
2014-04-14,18.17,18.2,17.75,17.96,16.7346,29300.0,0.0,1.0
2014-04-15,18.0,18.63,17.92,18.26,17.0141,71600.0,0.0,1.0
2014-04-16,18.38,18.45,17.9,18.0,16.7718,59100.0,0.0,1.0
2014-04-17,18.0,18.44,17.9,17.99,16.7625,43600.0,0.0,1.0
2014-04-21,17.92,18.1,17.87,18.0,16.7718,52500.0,0.0,1.0
2014-04-22,18.05,18.25,17.96,18.24,16.9955,69100.0,0.0,1.0
2014-04-23,18.25,18.82,18.21,18.58,17.3123,47600.0,0.0,1.0
2014-04-24,18.7,19.35,18.44,19.09,17.7875,93700.0,0.0,1.0
2014-04-25,19.0,19.4,18.63,19.3,17.9831,64900.0,0.0,1.0
2014-04-28,19.72,19.95,18.85,19.14,17.834,163100.0,0.0,1.0
2014-04-29,19.26,19.5,19.2,19.3,18.0189,45900.0,0.038,1.0
2014-04-30,19.36,19.49,18.57,19.1,17.8322,112700.0,0.0,1.0
2014-05-01,18.75,18.75,14.76,16.55,15.4514,367900.0,0.0,1.0
2014-05-02,16.4,16.4,16.01,16.3,15.218,100200.0,0.0,1.0
2014-05-05,16.0,16.1,14.76,15.0,14.0043,188300.0,0.0,1.0
2014-05-06,14.83,15.14,14.74,15.01,14.0137,94300.0,0.0,1.0
2014-05-07,14.95,15.25,14.76,14.99,13.995,89500.0,0.0,1.0
2014-05-08,15.04,15.04,14.7,14.76,13.7803,43100.0,0.0,1.0
2014-05-09,14.65,14.9,14.55,14.75,13.7709,63000.0,0.0,1.0
2014-05-12,14.6,15.08,14.5,14.97,13.9763,91400.0,0.0,1.0
2014-05-13,14.97,15.22,14.77,14.95,13.9576,79200.0,0.0,1.0
2014-05-14,14.97,14.98,14.55,14.66,13.6869,63800.0,0.0,1.0
2014-05-15,14.67,15.04,14.47,14.91,13.9203,61800.0,0.0,1.0
2014-05-16,14.97,15.31,14.7,15.13,14.1257,84100.0,0.0,1.0
2014-05-19,15.13,15.7,15.11,15.63,14.5925,84300.0,0.0,1.0
2014-05-20,15.63,15.75,15.1,15.29,14.2751,78300.0,0.0,1.0
2014-05-21,15.39,15.47,15.16,15.26,14.2471,74800.0,0.0,1.0
2014-05-22,15.36,15.66,15.24,15.44,14.4151,83800.0,0.0,1.0
2014-05-23,15.49,15.71,15.49,15.54,14.5085,30900.0,0.0,1.0
2014-05-27,15.55,15.88,15.53,15.74,14.6952,88500.0,0.0,1.0
2014-05-28,15.72,16.71,15.43,16.36,15.2741,133200.0,0.0,1.0
2014-05-29,16.46,16.49,15.66,15.8,14.7512,76400.0,0.0,1.0
2014-05-30,15.85,15.88,15.7,15.71,14.6672,42900.0,0.0,1.0
2014-06-02,15.78,15.78,15.16,15.3,14.2844,44300.0,0.0,1.0
2014-06-03,15.31,15.53,14.97,15.05,14.051,163400.0,0.0,1.0
2014-06-04,15.06,15.67,15.06,15.36,14.3404,30600.0,0.0,1.0
2014-06-05,15.28,16.09,15.12,16.0,14.938,37600.0,0.0,1.0
2014-06-06,16.1,16.45,16.1,16.37,15.2834,41500.0,0.0,1.0
2014-06-09,16.4,16.86,16.34,16.47,15.3768,67900.0,0.0,1.0
2014-06-10,16.45,16.54,16.35,16.38,15.2927,17200.0,0.0,1.0
2014-06-11,16.35,16.35,15.57,15.62,14.5832,49400.0,0.0,1.0
2014-06-12,15.66,15.75,15.31,15.53,14.4992,64400.0,0.0,1.0
2014-06-13,15.61,15.7,15.45,15.59,14.5552,41400.0,0.0,1.0
2014-06-16,15.63,16.0,15.5,15.73,14.6859,23900.0,0.0,1.0
2014-06-17,15.66,16.6,15.55,15.76,14.7139,33300.0,0.0,1.0
2014-06-18,15.78,16.36,15.63,16.17,15.0967,51600.0,0.0,1.0
2014-06-19,16.26,16.41,15.61,16.0,14.938,44000.0,0.0,1.0
2014-06-20,16.11,16.36,15.7,15.98,14.9193,98500.0,0.0,1.0
2014-06-23,16.07,16.4,15.5,15.71,14.6672,30000.0,0.0,1.0
2014-06-24,15.75,16.05,15.4,15.42,14.3965,37500.0,0.0,1.0
2014-06-25,15.4,15.77,15.4,15.4,14.3778,31700.0,0.0,1.0
2014-06-26,15.42,15.5,15.1,15.41,14.3871,46800.0,0.0,1.0
2014-06-27,15.35,15.49,15.29,15.3,14.2844,76900.0,0.0,1.0
2014-06-30,15.36,16.71,15.15,15.72,14.6765,253800.0,0.0,1.0
2014-07-01,15.82,16.2,15.79,16.09,15.022,52100.0,0.0,1.0
2014-07-02,16.12,16.61,15.79,16.23,15.1527,45500.0,0.0,1.0
2014-07-03,16.21,16.69,16.15,16.65,15.5448,14800.0,0.0,1.0
2014-07-07,16.46,16.62,16.25,16.43,15.3394,38800.0,0.0,1.0
2014-07-08,16.43,16.73,16.3,16.62,15.5168,29600.0,0.0,1.0
2014-07-09,16.65,16.66,16.06,16.52,15.4234,23500.0,0.0,1.0
2014-07-10,16.31,16.55,16.22,16.45,15.3581,34500.0,0.0,1.0
2014-07-11,16.36,16.47,16.03,16.29,15.2087,28800.0,0.0,1.0
2014-07-14,16.29,16.63,16.11,16.51,15.4141,29600.0,0.0,1.0
2014-07-15,16.48,16.69,16.38,16.59,15.4888,45400.0,0.0,1.0
2014-07-16,16.65,16.72,16.37,16.57,15.4701,45600.0,0.0,1.0
2014-07-17,16.47,16.58,16.35,16.41,15.3207,42500.0,0.0,1.0
2014-07-18,16.33,16.6,16.21,16.48,15.3861,34600.0,0.0,1.0
2014-07-21,16.5,16.9,16.5,16.74,15.6288,40000.0,0.0,1.0
2014-07-22,16.75,16.84,16.39,16.61,15.5075,41400.0,0.0,1.0
2014-07-23,16.6,16.75,16.29,16.74,15.6288,69600.0,0.0,1.0
2014-07-24,16.45,16.9,16.45,16.75,15.6382,24300.0,0.0,1.0
2014-07-25,16.75,16.9,16.74,16.85,15.7315,53400.0,0.0,1.0
2014-07-28,16.85,16.95,16.62,16.78,15.6662,40300.0,0.0,1.0
2014-07-29,16.85,16.94,16.71,16.83,15.7129,34800.0,0.0,1.0
2014-07-30,16.86,17.11,16.84,17.02,15.9262,58800.0,0.038,1.0
2014-07-31,16.86,17.14,16.83,17.0,15.9075,35500.0,0.0,1.0
2014-08-01,17.01,17.65,16.78,17.57,16.4409,66000.0,0.0,1.0
2014-08-04,17.57,17.7,17.31,17.51,16.3847,33000.0,0.0,1.0
2014-08-05,17.3,17.3,16.32,17.23,16.1227,171500.0,0.0,1.0
2014-08-06,17.25,17.51,17.25,17.35,16.235,49700.0,0.0,1.0
2014-08-07,17.35,17.5,17.24,17.3,16.1882,25700.0,0.0,1.0
2014-08-08,17.31,17.55,17.26,17.45,16.3286,39800.0,0.0,1.0
2014-08-11,17.57,17.7,17.33,17.49,16.366,33300.0,0.0,1.0
2014-08-12,17.37,17.61,17.17,17.28,16.1695,36700.0,0.0,1.0
2014-08-13,17.26,17.68,17.26,17.66,16.5251,26300.0,0.0,1.0
2014-08-14,17.6,17.63,17.32,17.41,16.2911,43100.0,0.0,1.0
2014-08-15,17.6,17.89,17.22,17.84,16.6935,35300.0,0.0,1.0
2014-08-18,18.04,18.06,17.77,17.94,16.7871,21100.0,0.0,1.0
2014-08-19,17.94,18.0,17.77,17.82,16.6748,17600.0,0.0,1.0
2014-08-20,17.75,17.75,17.44,17.54,16.4128,17000.0,0.0,1.0
2014-08-21,17.35,17.61,17.24,17.53,16.4034,19600.0,0.0,1.0
2014-08-22,17.45,17.75,17.32,17.54,16.4128,24300.0,0.0,1.0
2014-08-25,17.58,17.73,17.4,17.51,16.3847,9200.0,0.0,1.0
2014-08-26,17.5,17.59,17.5,17.56,16.4315,27000.0,0.0,1.0
2014-08-27,17.54,17.54,17.28,17.33,16.2163,25100.0,0.0,1.0
2014-08-28,17.3,17.44,17.11,17.17,16.0666,59100.0,0.0,1.0
2014-08-29,17.14,17.55,17.13,17.2,16.0946,27800.0,0.0,1.0
2014-09-02,17.32,17.38,17.2,17.23,16.1227,55700.0,0.0,1.0
2014-09-03,17.25,17.25,16.83,16.9,15.8139,17300.0,0.0,1.0
2014-09-04,17.08,17.11,16.9,17.03,15.9356,34100.0,0.0,1.0
2014-09-05,16.95,17.08,16.76,16.82,15.7391,20500.0,0.0,1.0
2014-09-08,16.76,16.87,16.56,16.68,15.6081,32900.0,0.0,1.0
2014-09-09,16.63,17.35,16.6,16.82,15.7391,29600.0,0.0,1.0
2014-09-10,16.87,16.87,16.51,16.7,15.6268,13700.0,0.0,1.0
2014-09-11,16.69,16.7,16.42,16.53,15.4677,23400.0,0.0,1.0
2014-09-12,16.48,16.61,16.24,16.3,15.2525,33200.0,0.0,1.0
2014-09-15,16.35,16.35,16.07,16.25,15.2057,21400.0,0.0,1.0
2014-09-16,16.26,16.38,16.1,16.26,15.215,14800.0,0.0,1.0
2014-09-17,16.63,16.63,16.11,16.12,15.084,12900.0,0.0,1.0
2014-09-18,16.15,16.7,16.11,16.21,15.1683,12900.0,0.0,1.0
2014-09-19,16.22,16.35,16.15,16.25,15.2057,41600.0,0.0,1.0
2014-09-22,16.11,16.3,15.75,16.16,15.1215,15900.0,0.0,1.0
2014-09-23,16.13,16.33,15.82,16.0,14.9718,24400.0,0.0,1.0
2014-09-24,15.95,16.14,15.9,16.05,15.0185,16200.0,0.0,1.0
2014-09-25,16.07,16.19,15.33,15.44,14.4477,27800.0,0.0,1.0
2014-09-26,15.44,15.6,15.44,15.53,14.532,13600.0,0.0,1.0
2014-09-29,15.43,15.44,15.03,15.35,14.3635,18500.0,0.0,1.0
2014-09-30,15.35,15.5,15.31,15.31,14.3261,36500.0,0.0,1.0
2014-10-01,15.35,15.69,14.99,15.1,14.1296,25100.0,0.0,1.0
2014-10-02,15.17,15.66,15.09,15.23,14.2512,12400.0,0.0,1.0
2014-10-03,15.4,15.53,15.17,15.26,14.2793,13300.0,0.0,1.0
2014-10-06,15.25,15.62,15.24,15.51,14.5132,15900.0,0.0,1.0
2014-10-07,15.39,15.39,15.2,15.25,14.27,16200.0,0.0,1.0
2014-10-08,15.27,15.93,15.26,15.83,14.8127,16700.0,0.0,1.0
2014-10-09,15.78,15.78,15.25,15.35,14.3635,12900.0,0.0,1.0
2014-10-10,15.23,15.91,15.23,15.5,14.5039,22700.0,0.0,1.0
2014-10-13,15.25,15.62,15.25,15.41,14.4197,24100.0,0.0,1.0
2014-10-14,15.48,16.28,15.48,16.26,15.215,15800.0,0.0,1.0
2014-10-15,16.0,16.9,15.46,16.81,15.7297,24700.0,0.0,1.0
2014-10-16,16.59,17.01,16.25,16.64,15.5706,30400.0,0.0,1.0
2014-10-17,16.88,16.88,15.15,16.27,15.2244,42400.0,0.0,1.0
2014-10-20,16.29,16.38,16.09,16.26,15.215,17900.0,0.0,1.0
2014-10-21,16.4,16.79,16.11,16.37,15.318,21000.0,0.0,1.0
2014-10-22,16.26,16.27,15.86,15.9,14.8782,20000.0,0.0,1.0
2014-10-23,16.45,16.96,15.71,15.91,14.8875,15200.0,0.0,1.0
2014-10-24,15.96,16.03,15.66,15.91,14.8875,23300.0,0.0,1.0
2014-10-27,15.8,15.93,15.7,15.77,14.7565,12500.0,0.0,1.0
2014-10-28,15.75,15.98,15.6,15.92,14.8969,165700.0,0.0,1.0
2014-10-29,16.25,16.77,15.92,16.74,15.7017,65200.0,0.038,1.0
2014-10-30,16.57,16.84,16.4,16.73,15.6923,35100.0,0.0,1.0
2014-10-31,17.09,17.46,16.82,17.11,16.0487,32500.0,0.0,1.0
2014-11-03,17.23,17.96,16.84,17.03,15.9737,73800.0,0.0,1.0
2014-11-04,17.07,17.47,16.55,16.9,15.8518,26000.0,0.0,1.0
2014-11-05,17.05,17.65,16.9,17.37,16.2926,125100.0,0.0,1.0
2014-11-06,16.2,16.28,15.51,16.12,15.1201,126900.0,0.0,1.0
2014-11-07,16.2,18.15,15.79,16.07,15.0732,28400.0,0.0,1.0
2014-11-10,16.11,16.14,15.59,15.96,14.9701,54800.0,0.0,1.0
2014-11-11,15.98,16.17,15.45,15.71,14.7356,30000.0,0.0,1.0
2014-11-12,15.65,16.7,15.54,16.13,15.1295,169300.0,0.0,1.0
2014-11-13,15.79,16.26,15.49,15.75,14.7731,32100.0,0.0,1.0
2014-11-14,15.76,16.8,15.55,15.94,14.9513,111200.0,0.0,1.0
2014-11-17,15.81,16.22,15.39,15.58,14.6136,45200.0,0.0,1.0
2014-11-18,15.67,16.55,15.67,16.05,15.0545,60800.0,0.0,1.0
2014-11-19,15.86,15.86,15.06,15.46,14.5011,51300.0,0.0,1.0
2014-11-20,15.31,16.17,15.31,15.84,14.8575,37100.0,0.0,1.0
2014-11-21,16.0,16.0,15.0,15.13,14.1915,38100.0,0.0,1.0
2014-11-24,15.07,16.14,15.07,15.66,14.6887,100600.0,0.0,1.0
2014-11-25,15.97,15.97,15.41,15.59,14.623,38400.0,0.0,1.0
2014-11-26,15.55,15.62,15.1,15.3,14.351,42500.0,0.0,1.0
2014-11-28,15.16,15.23,14.91,14.94,14.0133,15200.0,0.0,1.0
2014-12-01,14.99,15.4,14.74,15.22,14.276,50600.0,0.0,1.0
2014-12-02,15.31,15.56,15.01,15.53,14.5667,69200.0,0.0,1.0
2014-12-03,15.46,15.92,15.16,15.81,14.8294,83600.0,0.0,1.0
2014-12-04,15.84,15.97,15.61,15.75,14.7731,56900.0,0.0,1.0
2014-12-05,15.7,15.94,15.61,15.9,14.9138,46300.0,0.0,1.0
2014-12-08,15.78,15.99,15.58,15.66,14.6887,30300.0,0.0,1.0
2014-12-09,15.58,15.96,15.44,15.9,14.9138,46700.0,0.0,1.0
2014-12-10,15.91,15.91,15.43,15.44,14.4823,25200.0,0.0,1.0
2014-12-11,15.52,15.84,15.51,15.61,14.6418,33800.0,0.0,1.0
2014-12-12,15.39,15.84,15.31,15.57,14.6042,73200.0,0.0,1.0
2014-12-15,15.56,15.68,14.98,14.99,14.0602,20800.0,0.0,1.0
2014-12-16,15.0,15.23,14.98,15.05,14.1165,23200.0,0.0,1.0
2014-12-17,15.05,15.69,14.95,15.68,14.7074,25600.0,0.0,1.0
2014-12-18,15.79,15.87,15.53,15.81,14.8294,43200.0,0.0,1.0
2014-12-19,15.76,16.19,15.74,16.01,15.017,99000.0,0.0,1.0
2014-12-22,15.97,16.22,15.92,16.21,15.2046,65400.0,0.0,1.0
2014-12-23,16.2,16.58,16.11,16.41,15.3922,20900.0,0.0,1.0
2014-12-24,16.55,16.81,16.35,16.7,15.6642,23900.0,0.0,1.0
2014-12-26,16.8,16.93,16.62,16.83,15.7861,9100.0,0.0,1.0
2014-12-29,16.72,17.15,16.68,17.1,16.0394,15500.0,0.0,1.0
2014-12-30,16.93,17.61,16.65,17.19,16.1238,23100.0,0.0,1.0
2014-12-31,17.14,17.35,17.12,17.2,16.1331,23900.0,0.0,1.0
2015-01-02,17.27,17.27,16.75,16.84,15.7955,20100.0,0.0,1.0
2015-01-05,16.69,16.93,15.86,15.95,14.9607,28300.0,0.0,1.0
2015-01-06,15.98,15.98,15.23,15.57,14.6042,28500.0,0.0,1.0
2015-01-07,15.67,15.92,15.5,15.88,14.895,27300.0,0.0,1.0
2015-01-08,15.93,16.26,15.93,16.21,15.2046,16200.0,0.0,1.0
2015-01-09,16.19,16.28,16.09,16.16,15.1577,10100.0,0.0,1.0
2015-01-12,16.11,16.69,16.11,16.34,15.3265,41000.0,0.0,1.0
2015-01-13,16.5,16.64,15.87,16.03,15.0357,26800.0,0.0,1.0
2015-01-14,15.9,15.9,15.39,15.83,14.8481,20300.0,0.0,1.0
2015-01-15,15.81,15.81,15.23,15.68,14.7074,25000.0,0.0,1.0
2015-01-16,15.59,15.74,15.3,15.71,14.7356,24600.0,0.0,1.0
2015-01-20,15.74,15.74,15.26,15.58,14.6136,40000.0,0.0,1.0
2015-01-21,15.58,15.78,15.58,15.65,14.6793,12500.0,0.0,1.0
2015-01-22,15.82,16.0,15.67,15.99,14.9982,23000.0,0.0,1.0
2015-01-23,16.02,16.22,15.85,15.89,14.9044,35400.0,0.0,1.0
2015-01-26,15.92,16.22,15.79,15.88,14.895,18600.0,0.0,1.0
2015-01-27,15.79,15.88,15.72,15.77,14.7918,10100.0,0.0,1.0
2015-01-28,15.86,15.86,15.22,15.24,14.3283,28800.0,0.037,1.0
2015-01-29,15.36,16.0,15.36,15.99,15.0335,9400.0,0.0,1.0
2015-01-30,15.83,15.98,15.67,15.78,14.836,15900.0,0.0,1.0
2015-02-02,15.9,16.18,15.88,16.03,15.0711,30200.0,0.0,1.0
2015-02-03,16.08,16.1,15.87,16.07,15.1087,38000.0,0.0,1.0
2015-02-04,15.95,16.15,15.83,15.95,14.9959,26300.0,0.0,1.0
2015-02-05,16.02,16.25,15.89,16.0,15.0429,23100.0,0.0,1.0
2015-02-06,16.1,16.34,16.07,16.24,15.2685,31400.0,0.0,1.0
2015-02-09,16.25,16.4,16.09,16.16,15.1933,30200.0,0.0,1.0
2015-02-10,16.12,16.2,16.06,16.1,15.1369,10900.0,0.0,1.0
2015-02-11,16.14,16.16,15.93,15.96,15.0053,12300.0,0.0,1.0
2015-02-12,16.11,16.3,15.87,15.9,14.9489,14900.0,0.0,1.0
2015-02-13,15.97,15.97,15.59,15.84,14.8924,10400.0,0.0,1.0
2015-02-17,15.85,16.19,15.73,15.93,14.9771,31900.0,0.0,1.0
2015-02-18,15.92,16.17,15.92,16.02,15.0617,11100.0,0.0,1.0
2015-02-19,16.05,16.2,15.9,16.03,15.0711,19000.0,0.0,1.0
2015-02-20,16.07,16.2,15.9,16.06,15.0993,21900.0,0.0,1.0
2015-02-23,16.06,16.2,15.97,16.05,15.0899,46000.0,0.0,1.0
2015-02-24,16.0,16.34,16.0,16.15,15.1839,18500.0,0.0,1.0
2015-02-25,16.11,16.29,15.88,15.95,14.9959,20500.0,0.0,1.0
2015-02-26,15.9,16.3,15.9,16.02,15.0617,24300.0,0.0,1.0
2015-02-27,15.78,16.1,15.78,16.01,15.0523,16400.0,0.0,1.0
2015-03-02,16.0,16.26,15.87,15.89,14.9395,16100.0,0.0,1.0
2015-03-03,15.91,15.91,15.69,15.71,14.7702,6600.0,0.0,1.0
2015-03-04,15.7,16.01,15.59,15.65,14.7138,20000.0,0.0,1.0
2015-03-05,15.65,15.83,15.22,15.6,14.6668,21700.0,0.0,1.0
2015-03-06,15.5,15.7,15.46,15.49,14.5634,21000.0,0.0,1.0
2015-03-09,15.65,15.81,15.46,15.6,14.6668,8800.0,0.0,1.0
2015-03-10,15.54,15.57,14.9,15.47,14.5446,13500.0,0.0,1.0
2015-03-11,15.41,15.55,15.13,15.18,14.2719,28200.0,0.0,1.0
2015-03-12,13.0,15.17,12.48,14.61,13.736,122200.0,0.0,1.0
2015-03-13,14.64,14.71,14.5,14.6,13.7266,81600.0,0.0,1.0
2015-03-16,14.74,14.74,14.23,14.41,13.548,151000.0,0.0,1.0
2015-03-17,14.46,14.63,14.41,14.54,13.6702,40600.0,0.0,1.0
2015-03-18,14.63,14.63,14.41,14.5,13.6326,59400.0,0.0,1.0
2015-03-19,14.47,14.78,14.45,14.6,13.7266,84600.0,0.0,1.0
2015-03-20,14.71,14.89,14.38,14.6,13.7266,55000.0,0.0,1.0
2015-03-23,14.6,15.11,14.54,14.95,14.0557,52900.0,0.0,1.0
2015-03-24,15.01,16.0,14.97,15.91,14.9583,67000.0,0.0,1.0
2015-03-25,15.86,15.93,15.35,15.38,14.46,38700.0,0.0,1.0
2015-03-26,15.48,15.53,15.27,15.44,14.5164,11100.0,0.0,1.0
2015-03-27,15.31,15.4,15.17,15.36,14.4412,20500.0,0.0,1.0
2015-03-30,15.35,15.78,15.26,15.47,14.5446,57100.0,0.0,1.0
2015-03-31,15.3,15.5,15.19,15.28,14.3659,33700.0,0.0,1.0
2015-04-01,15.19,15.4,14.86,14.95,14.0557,20600.0,0.0,1.0
2015-04-02,14.95,15.33,14.86,14.92,14.0275,53700.0,0.0,1.0
2015-04-06,14.73,15.14,14.53,15.11,14.2061,33600.0,0.0,1.0
2015-04-07,14.86,15.24,14.85,14.87,13.9805,42900.0,0.0,1.0
2015-04-08,14.83,14.99,14.75,14.84,13.9523,49600.0,0.0,1.0
2015-04-09,14.84,15.22,14.75,15.14,14.2343,42000.0,0.0,1.0
2015-04-10,15.25,15.25,14.99,15.07,14.1685,14600.0,0.0,1.0
2015-04-13,15.17,15.35,15.05,15.15,14.2437,27300.0,0.0,1.0
2015-04-14,15.23,15.39,14.85,15.2,14.2907,25200.0,0.0,1.0
2015-04-15,15.36,15.51,15.24,15.38,14.46,30700.0,0.0,1.0
2015-04-16,15.35,16.22,15.33,16.02,15.0617,69900.0,0.0,1.0
2015-04-17,15.83,16.04,15.25,15.81,14.8642,586400.0,0.0,1.0
2015-04-20,16.1,16.37,16.05,16.35,15.3719,73100.0,0.0,1.0
2015-04-21,16.45,16.45,15.75,15.86,14.9113,35500.0,0.0,1.0
2015-04-22,15.94,16.28,15.75,16.24,15.2685,39500.0,0.0,1.0
2015-04-23,16.11,16.18,15.65,15.79,14.8454,22900.0,0.0,1.0
2015-04-24,15.73,15.9,15.46,15.54,14.6104,21400.0,0.0,1.0
2015-04-27,15.41,15.81,15.41,15.58,14.648,30300.0,0.0,1.0
2015-04-28,15.54,15.83,15.48,15.73,14.789,14100.0,0.0,1.0
2015-04-29,15.58,15.64,15.3,15.41,14.5233,13400.0,0.038,1.0
2015-04-30,15.23,15.25,14.5,14.55,13.7127,41800.0,0.0,1.0
2015-05-01,14.6,14.69,14.4,14.51,13.675,28000.0,0.0,1.0
2015-05-04,14.28,14.48,14.19,14.26,13.4394,53500.0,0.0,1.0
2015-05-05,14.28,14.82,14.25,14.82,13.9672,45900.0,0.0,1.0
2015-05-06,14.8,15.12,14.62,14.85,13.9955,68400.0,0.0,1.0
2015-05-07,14.85,14.9,14.7,14.88,14.0237,55400.0,0.0,1.0
2015-05-08,14.97,14.97,14.64,14.77,13.9201,15900.0,0.0,1.0
2015-05-11,14.71,14.91,14.63,14.86,14.0049,23700.0,0.0,1.0
2015-05-12,14.8,15.01,14.56,14.99,14.1274,63700.0,0.0,1.0
2015-05-13,14.94,14.94,14.55,14.66,13.8164,23200.0,0.0,1.0
2015-05-14,14.67,14.9,14.06,14.77,13.9201,24400.0,0.0,1.0
2015-05-15,14.76,14.81,14.54,14.62,13.7787,16700.0,0.0,1.0
2015-05-18,14.58,14.8,14.51,14.69,13.8447,22000.0,0.0,1.0
2015-05-19,14.69,14.78,14.52,14.64,13.7976,14500.0,0.0,1.0
2015-05-20,14.72,14.79,14.53,14.78,13.9295,19900.0,0.0,1.0
2015-05-21,14.77,14.84,14.65,14.74,13.8918,17200.0,0.0,1.0
2015-05-22,14.66,14.83,14.53,14.76,13.9107,65900.0,0.0,1.0
2015-05-26,14.65,14.71,14.4,14.65,13.807,21000.0,0.0,1.0
2015-05-27,14.63,14.82,14.48,14.79,13.9389,11400.0,0.0,1.0
2015-05-28,14.6,14.65,14.45,14.64,13.7976,68700.0,0.0,1.0
2015-05-29,14.55,14.62,14.37,14.53,13.6939,78200.0,0.0,1.0
2015-06-01,14.71,14.71,14.44,14.67,13.8258,74200.0,0.0,1.0
2015-06-02,14.55,14.67,14.52,14.63,13.7881,32600.0,0.0,1.0
2015-06-03,14.61,14.62,14.48,14.55,13.7127,46900.0,0.0,1.0
2015-06-04,14.46,14.57,14.17,14.47,13.6373,31200.0,0.0,1.0
2015-06-05,14.5,14.5,14.33,14.5,13.6656,41000.0,0.0,1.0
2015-06-08,14.45,14.6,14.31,14.6,13.7599,78100.0,0.0,1.0
2015-06-09,14.6,14.74,14.43,14.68,13.8353,68500.0,0.0,1.0
2015-06-10,14.7,14.86,14.7,14.84,13.9861,76500.0,0.0,1.0
2015-06-11,14.8,14.85,14.75,14.84,13.9861,24200.0,0.0,1.0
2015-06-12,14.75,14.95,14.75,14.89,14.0332,72900.0,0.0,1.0
2015-06-15,14.72,14.98,14.72,14.83,13.9766,29300.0,0.0,1.0
2015-06-16,14.76,15.05,14.76,14.98,14.118,24700.0,0.0,1.0
2015-06-17,15.0,15.05,14.86,14.87,14.0143,35600.0,0.0,1.0
2015-06-18,14.94,15.05,14.88,15.04,14.1745,21400.0,0.0,1.0
2015-06-19,15.1,15.35,15.04,15.23,14.3536,68700.0,0.0,1.0
2015-06-22,15.2,15.31,15.14,15.24,14.363,22200.0,0.0,1.0
2015-06-23,15.19,15.25,15.15,15.24,14.363,20800.0,0.0,1.0
2015-06-24,15.2,15.29,15.03,15.17,14.2971,19400.0,0.0,1.0
2015-06-25,15.22,15.26,15.03,15.18,14.3065,13700.0,0.0,1.0
2015-06-26,15.18,15.27,14.71,15.03,14.1651,76700.0,0.0,1.0
2015-06-29,14.97,15.01,14.65,14.72,13.873,23200.0,0.0,1.0
2015-06-30,14.83,14.83,14.49,14.77,13.9201,40000.0,0.0,1.0
2015-07-01,14.88,15.17,14.88,15.1,14.2311,45300.0,0.0,1.0
2015-07-02,15.09,15.12,14.89,14.99,14.1274,29000.0,0.0,1.0
2015-07-06,15.02,15.06,14.86,15.02,14.1557,17700.0,0.0,1.0
2015-07-07,14.99,15.1,14.9,15.02,14.1557,32100.0,0.0,1.0
2015-07-08,14.93,15.03,14.9,14.99,14.1274,20500.0,0.0,1.0
2015-07-09,15.14,15.14,14.93,15.02,14.1557,29200.0,0.0,1.0
2015-07-10,15.12,15.15,15.01,15.04,14.1745,24700.0,0.0,1.0
2015-07-13,15.01,15.25,14.91,15.1,14.2311,11700.0,0.0,1.0
2015-07-14,15.19,15.43,15.08,15.23,14.3536,13900.0,0.0,1.0
2015-07-15,15.15,15.15,15.03,15.07,14.2028,5500.0,0.0,1.0
2015-07-16,15.18,15.19,15.01,15.16,14.2876,9700.0,0.0,1.0
2015-07-17,15.2,15.23,15.02,15.14,14.2688,12200.0,0.0,1.0
2015-07-20,15.19,15.19,14.94,15.05,14.184,19500.0,0.0,1.0
2015-07-21,15.12,15.12,14.97,15.02,14.1557,15000.0,0.0,1.0
2015-07-22,15.07,15.13,14.95,15.02,14.1557,23100.0,0.0,1.0
2015-07-23,14.95,15.03,14.72,14.84,13.9861,16800.0,0.0,1.0
2015-07-24,14.78,14.84,14.56,14.6,13.7599,60000.0,0.0,1.0
2015-07-27,14.53,14.65,14.53,14.57,13.7316,17600.0,0.0,1.0
2015-07-28,14.64,14.64,14.55,14.61,13.7693,28700.0,0.0,1.0
2015-07-29,14.49,14.62,14.49,14.56,13.7579,48600.0,0.038,1.0
2015-07-30,14.56,14.73,14.53,14.55,13.7485,23200.0,0.0,1.0
2015-07-31,14.54,14.87,14.49,14.54,13.739,43300.0,0.0,1.0
2015-08-03,14.55,14.55,14.46,14.49,13.6918,37300.0,0.0,1.0
2015-08-04,14.49,14.5,14.42,14.44,13.6446,47400.0,0.0,1.0
2015-08-05,14.45,14.5,14.43,14.45,13.654,41900.0,0.0,1.0
2015-08-06,14.45,15.31,14.44,15.1,14.2682,35200.0,0.0,1.0
2015-08-07,15.03,15.16,14.84,14.93,14.1076,15800.0,0.0,1.0
2015-08-10,15.0,15.17,14.91,15.02,14.1926,26500.0,0.0,1.0
2015-08-11,14.98,15.0,14.76,14.85,14.032,14500.0,0.0,1.0
2015-08-12,14.79,14.98,14.68,14.84,14.0225,16000.0,0.0,1.0
2015-08-13,14.9,14.96,14.78,14.81,13.9942,12400.0,0.0,1.0
2015-08-14,14.74,14.95,14.72,14.92,14.0981,12800.0,0.0,1.0
2015-08-17,14.83,14.95,14.77,14.92,14.0981,25100.0,0.0,1.0
2015-08-18,14.85,14.92,14.75,14.8,13.9847,19800.0,0.0,1.0
2015-08-19,14.8,14.86,14.72,14.78,13.9658,14300.0,0.0,1.0
2015-08-20,14.67,14.88,14.67,14.7,13.8902,19500.0,0.0,1.0
2015-08-21,14.5,14.79,14.5,14.69,13.8808,29900.0,0.0,1.0
2015-08-24,14.3,14.3,14.22,14.22,13.4367,24300.0,0.0,1.0
2015-08-25,14.57,14.57,14.14,14.2,13.4178,47100.0,0.0,1.0
2015-08-26,14.44,14.51,14.18,14.47,13.6729,34800.0,0.0,1.0
2015-08-27,14.53,14.53,14.32,14.39,13.5973,19200.0,0.0,1.0
2015-08-28,14.32,14.69,14.32,14.56,13.7579,17000.0,0.0,1.0
2015-08-31,14.53,14.69,14.42,14.52,13.7202,19300.0,0.0,1.0
2015-09-01,14.35,14.55,14.32,14.37,13.5784,23500.0,0.0,1.0
2015-09-02,14.56,14.56,14.35,14.48,13.6824,14700.0,0.0,1.0
2015-09-03,14.5,14.5,14.3,14.34,13.5501,14600.0,0.0,1.0
2015-09-04,14.2,14.36,14.2,14.33,13.5406,16100.0,0.0,1.0
2015-09-08,14.49,14.5,13.95,14.38,13.5879,19400.0,0.0,1.0
2015-09-09,14.51,14.58,14.32,14.34,13.5501,16100.0,0.0,1.0
2015-09-10,14.08,14.33,14.08,14.3,13.5123,15100.0,0.0,1.0
2015-09-11,14.22,14.27,13.93,14.08,13.3044,50800.0,0.0,1.0
2015-09-14,14.04,14.32,13.22,13.31,12.5768,192200.0,0.0,1.0
2015-09-15,13.22,13.22,12.87,13.1,12.3784,35600.0,0.0,1.0
2015-09-16,13.01,13.76,13.01,13.64,12.8886,27600.0,0.0,1.0
2015-09-17,13.75,13.94,13.71,13.79,13.0304,15300.0,0.0,1.0
2015-09-18,13.62,13.88,13.55,13.81,13.0493,33100.0,0.0,1.0
2015-09-21,13.95,14.19,13.9,13.99,13.2193,19800.0,0.0,1.0
2015-09-22,13.9,14.29,13.78,14.26,13.4745,28200.0,0.0,1.0
2015-09-23,14.27,14.61,14.11,14.5,13.7013,35000.0,0.0,1.0
2015-09-24,14.41,14.57,14.32,14.48,13.6824,19400.0,0.0,1.0
2015-09-25,14.64,14.64,14.18,14.35,13.5595,31100.0,0.0,1.0
2015-09-28,14.31,14.31,14.1,14.21,13.4272,18200.0,0.0,1.0
2015-09-29,14.07,14.17,14.01,14.11,13.3327,9900.0,0.0,1.0
2015-09-30,14.18,14.18,13.7,13.98,13.2099,30700.0,0.0,1.0
2015-10-01,13.93,14.13,13.74,13.78,13.0209,15100.0,0.0,1.0
2015-10-02,13.71,13.77,13.49,13.77,13.0115,12000.0,0.0,1.0
2015-10-05,13.83,14.91,13.83,14.49,13.6918,31800.0,0.0,1.0
2015-10-06,14.42,14.54,14.32,14.51,13.7107,38300.0,0.0,1.0
2015-10-07,14.54,14.85,14.45,14.79,13.9753,13700.0,0.0,1.0
2015-10-08,14.9,15.0,14.73,14.98,14.1548,25900.0,0.0,1.0
2015-10-09,15.01,15.05,14.92,15.03,14.2021,18600.0,0.0,1.0
2015-10-12,15.0,15.05,14.89,15.05,14.221,28400.0,0.0,1.0
2015-10-13,15.03,15.1,14.91,15.08,14.2493,22500.0,0.0,1.0
2015-10-14,15.13,15.15,14.9,14.94,14.117,19200.0,0.0,1.0
2015-10-15,14.96,15.31,14.9,15.3,14.4572,27300.0,0.0,1.0
2015-10-16,15.17,15.45,15.05,15.25,14.4099,27400.0,0.0,1.0
2015-10-19,15.19,15.31,14.91,15.19,14.3532,26600.0,0.0,1.0
2015-10-20,15.17,15.42,15.0,15.09,14.2588,34000.0,0.0,1.0
2015-10-21,15.03,15.11,14.81,15.02,14.1926,26700.0,0.0,1.0
2015-10-22,15.02,15.5,15.0,15.4,14.5517,20800.0,0.0,1.0
2015-10-23,15.45,15.46,14.82,15.34,14.495,32000.0,0.0,1.0
2015-10-26,15.23,15.35,15.03,15.35,14.5044,17400.0,0.0,1.0
2015-10-27,15.22,15.4,14.92,15.03,14.2021,25800.0,0.0,1.0
2015-10-28,15.02,15.5,15.02,15.49,14.6787,43000.0,0.043,1.0
2015-10-29,15.36,15.6,15.01,15.53,14.7166,11900.0,0.0,1.0
2015-10-30,15.6,15.61,15.32,15.37,14.565,27900.0,0.0,1.0
2015-11-02,15.27,15.7,15.27,15.52,14.7071,34000.0,0.0,1.0
2015-11-03,15.56,15.81,15.43,15.67,14.8493,44400.0,0.0,1.0
2015-11-04,15.37,15.71,15.32,15.59,14.7735,30000.0,0.0,1.0
2015-11-05,12.66,14.47,12.66,13.81,13.0867,46200.0,0.0,1.0
2015-11-06,13.66,15.07,13.66,14.09,13.352,36800.0,0.0,1.0
2015-11-09,14.1,14.59,13.93,13.95,13.2194,45500.0,0.0,1.0
2015-11-10,14.48,14.48,13.72,13.9,13.172,38300.0,0.0,1.0
2015-11-11,13.46,13.81,13.32,13.35,12.6508,74000.0,0.0,1.0
2015-11-12,13.22,13.79,13.21,13.35,12.6508,72100.0,0.0,1.0
2015-11-13,13.17,13.63,13.05,13.28,12.5845,58600.0,0.0,1.0
2015-11-16,13.33,13.52,13.1,13.28,12.5845,35400.0,0.0,1.0
2015-11-17,13.31,13.48,13.17,13.25,12.556,30200.0,0.0,1.0
2015-11-18,13.49,13.49,13.2,13.32,12.6224,24600.0,0.0,1.0
2015-11-19,13.39,13.52,13.23,13.26,12.5655,60100.0,0.0,1.0
2015-11-20,13.35,13.61,13.28,13.43,12.7266,23800.0,0.0,1.0
2015-11-23,13.49,13.5,13.33,13.35,12.6508,13100.0,0.0,1.0
2015-11-24,13.35,13.62,13.27,13.38,12.6792,36500.0,0.0,1.0
2015-11-25,13.47,13.7,13.43,13.65,12.9351,50100.0,0.0,1.0
2015-11-27,13.74,13.93,13.71,13.86,13.1341,11300.0,0.0,1.0
2015-11-30,13.85,13.99,13.76,13.91,13.1815,30900.0,0.0,1.0
2015-12-01,13.95,14.18,13.82,14.03,13.2952,44400.0,0.0,1.0
2015-12-02,13.89,14.11,13.5,13.54,12.8308,13200.0,0.0,1.0
2015-12-03,13.53,13.88,13.32,13.43,12.7266,26000.0,0.0,1.0
2015-12-04,13.42,13.68,13.33,13.64,12.9256,14300.0,0.0,1.0
2015-12-07,13.66,13.69,13.36,13.5,12.7929,26400.0,0.0,1.0
2015-12-08,13.32,13.65,13.32,13.5,12.7929,26600.0,0.0,1.0
2015-12-09,14.3,14.3,13.41,13.44,12.7361,29000.0,0.0,1.0
2015-12-10,13.33,13.49,13.27,13.33,12.6318,28100.0,0.0,1.0
2015-12-11,13.07,13.27,12.83,12.87,12.1959,25300.0,0.0,1.0
2015-12-14,13.54,13.63,12.91,12.93,12.2528,34400.0,0.0,1.0
2015-12-15,12.99,13.67,12.93,13.04,12.357,40100.0,0.0,1.0
2015-12-16,12.97,13.36,12.96,13.33,12.6318,21600.0,0.0,1.0
2015-12-17,13.34,13.59,12.94,13.46,12.755,22000.0,0.0,1.0
2015-12-18,13.37,13.9,13.17,13.44,12.7361,72600.0,0.0,1.0
2015-12-21,13.57,13.76,12.94,13.15,12.4613,32600.0,0.0,1.0
2015-12-22,13.11,13.51,13.0,13.18,12.4897,23400.0,0.0,1.0
2015-12-23,13.22,13.47,13.0,13.12,12.4328,31900.0,0.0,1.0
2015-12-24,13.25,13.25,12.55,13.04,12.357,32000.0,0.0,1.0
2015-12-28,13.08,13.4,13.08,13.16,12.4707,31900.0,0.0,1.0
2015-12-29,13.13,14.0,13.03,13.29,12.5939,27200.0,0.0,1.0
2015-12-30,13.27,13.27,13.05,13.11,12.4234,30800.0,0.0,1.0
2015-12-31,13.13,13.59,13.06,13.26,12.5655,43600.0,0.0,1.0
2016-01-04,13.17,13.48,12.95,12.98,12.3002,39700.0,0.0,1.0
2016-01-05,13.07,13.22,12.88,13.05,12.3665,26600.0,0.0,1.0
2016-01-06,12.89,13.23,12.86,12.95,12.2717,30900.0,0.0,1.0
2016-01-07,12.74,13.3,12.69,12.7,12.0348,31400.0,0.0,1.0
2016-01-08,12.7,13.17,12.5,12.52,11.8643,50000.0,0.0,1.0
2016-01-11,12.52,12.63,11.75,12.11,11.4757,41900.0,0.0,1.0
2016-01-12,12.19,12.19,11.82,12.01,11.381,38300.0,0.0,1.0
2016-01-13,12.0,12.39,11.36,11.47,10.8693,50900.0,0.0,1.0
2016-01-14,11.47,11.97,11.41,11.63,11.0209,19600.0,0.0,1.0
2016-01-15,11.29,11.54,11.29,11.46,10.8598,30000.0,0.0,1.0
2016-01-19,11.56,11.69,11.43,11.54,10.9356,37200.0,0.0,1.0
2016-01-20,11.48,12.35,11.31,12.19,11.5516,49800.0,0.0,1.0
2016-01-21,12.25,12.27,12.03,12.05,11.4189,34000.0,0.0,1.0
2016-01-22,12.25,12.42,11.69,11.93,11.3052,25600.0,0.0,1.0
2016-01-25,11.83,12.14,11.5,11.53,10.9261,14200.0,0.0,1.0
2016-01-26,11.71,12.07,11.71,11.94,11.3146,12200.0,0.0,1.0
2016-01-27,11.68,12.0,11.62,11.64,11.0304,10800.0,0.0,1.0
2016-01-28,11.76,11.86,11.67,11.7,11.1283,9300.0,0.043,1.0
2016-01-29,11.72,12.04,11.61,11.98,11.3946,21300.0,0.0,1.0
2016-02-01,11.83,12.02,11.71,11.93,11.3471,13700.0,0.0,1.0
2016-02-02,11.76,11.81,11.6,11.71,11.1378,18000.0,0.0,1.0
2016-02-03,11.84,12.03,11.61,11.95,11.3661,7500.0,0.0,1.0
2016-02-04,11.98,12.01,11.84,11.94,11.3566,11500.0,0.0,1.0
2016-02-05,11.94,12.03,11.76,11.83,11.252,29600.0,0.0,1.0
2016-02-08,11.72,12.0,11.58,11.89,11.309,27600.0,0.0,1.0
2016-02-09,11.79,12.49,11.79,12.31,11.7085,38700.0,0.0,1.0
2016-02-10,12.32,12.6,12.07,12.08,11.4898,10500.0,0.0,1.0
2016-02-11,11.87,12.04,11.6,11.72,11.1474,6900.0,0.0,1.0
2016-02-12,11.78,11.79,11.62,11.69,11.1188,11800.0,0.0,1.0
2016-02-16,11.78,12.0,11.5,11.99,11.4042,37600.0,0.0,1.0
2016-02-17,12.0,12.13,11.89,11.94,11.3566,16000.0,0.0,1.0
2016-02-18,11.99,11.99,11.52,11.54,10.9761,11700.0,0.0,1.0
2016-02-19,11.53,11.74,11.5,11.59,11.0237,22600.0,0.0,1.0
2016-02-22,11.66,11.95,11.62,11.71,11.1378,19700.0,0.0,1.0
2016-02-23,11.7,11.85,11.5,11.5,10.9381,16700.0,0.0,1.0
2016-02-24,11.5,11.81,11.5,11.68,11.1093,9100.0,0.0,1.0
2016-02-25,11.78,11.82,11.5,11.75,11.1759,15000.0,0.0,1.0
2016-02-26,11.83,11.95,11.7,11.88,11.2995,62900.0,0.0,1.0
2016-02-29,11.85,12.0,11.85,11.96,11.3756,22300.0,0.0,1.0
2016-03-01,12.0,12.0,11.87,11.95,11.3661,18400.0,0.0,1.0
2016-03-02,11.96,12.31,11.72,12.29,11.6895,48700.0,0.0,1.0
2016-03-03,12.23,12.54,12.0,12.39,11.7846,37900.0,0.0,1.0
2016-03-04,12.32,12.61,12.14,12.48,11.8702,19300.0,0.0,1.0
2016-03-07,12.42,12.73,12.22,12.72,12.0985,39200.0,0.0,1.0
2016-03-08,12.61,12.82,12.47,12.58,11.9653,18400.0,0.0,1.0
2016-03-09,12.59,12.65,12.37,12.5,11.8892,16700.0,0.0,1.0
2016-03-10,12.48,12.61,12.3,12.53,11.9178,13500.0,0.0,1.0
2016-03-11,12.82,12.93,12.45,12.81,12.1841,17100.0,0.0,1.0
2016-03-14,12.84,14.1,12.81,13.99,13.3064,74300.0,0.0,1.0
2016-03-15,13.5,13.75,12.88,12.95,12.3172,45500.0,0.0,1.0
2016-03-16,12.88,12.95,12.48,12.5,11.8892,79700.0,0.0,1.0
2016-03-17,12.54,13.01,12.5,12.73,12.108,50900.0,0.0,1.0
2016-03-18,12.84,12.93,12.65,12.82,12.1936,82200.0,0.0,1.0
2016-03-21,12.92,13.38,12.89,13.3,12.6501,56100.0,0.0,1.0
2016-03-22,13.21,13.29,12.92,12.99,12.3553,61000.0,0.0,1.0
2016-03-23,13.0,13.0,12.8,12.92,12.2887,42300.0,0.0,1.0
2016-03-24,12.91,13.04,12.66,13.0,12.3648,34000.0,0.0,1.0
2016-03-28,13.11,13.38,13.04,13.24,12.5931,34100.0,0.0,1.0
2016-03-29,13.17,14.41,13.17,14.35,13.6488,77000.0,0.0,1.0
2016-03-30,14.39,15.45,14.24,15.23,14.4858,55300.0,0.0,1.0
2016-03-31,15.17,15.29,15.02,15.07,14.3337,36200.0,0.0,1.0
2016-04-01,14.88,15.19,12.7,14.95,14.2195,33500.0,0.0,1.0
2016-04-04,14.84,15.39,14.84,15.15,14.4098,51200.0,0.0,1.0
2016-04-05,15.21,15.21,14.9,15.05,14.3146,45100.0,0.0,1.0
2016-04-06,15.11,15.25,14.81,14.91,14.1815,20500.0,0.0,1.0
2016-04-07,14.91,14.92,14.55,14.75,14.0293,39400.0,0.0,1.0
2016-04-08,14.79,14.98,14.73,14.82,14.0959,32800.0,0.0,1.0
2016-04-11,15.07,15.42,14.76,14.92,14.191,54800.0,0.0,1.0
2016-04-12,14.9,15.14,14.88,15.0,14.2671,31500.0,0.0,1.0
2016-04-13,15.15,15.36,14.99,15.03,14.2956,95400.0,0.0,1.0
2016-04-14,15.21,15.24,14.94,15.12,14.3812,25000.0,0.0,1.0
2016-04-15,15.06,15.25,15.05,15.21,14.4668,28200.0,0.0,1.0
2016-04-18,15.31,15.45,15.17,15.43,14.6761,69300.0,0.0,1.0
2016-04-19,15.49,15.91,15.37,15.91,15.1326,58000.0,0.0,1.0
2016-04-20,15.81,16.3,15.67,16.11,15.3228,54400.0,0.0,1.0
2016-04-21,15.44,16.37,15.06,16.03,15.2468,55200.0,0.0,1.0
2016-04-22,16.11,16.4,15.92,16.39,15.5892,76500.0,0.0,1.0
2016-04-25,16.5,16.75,16.41,16.59,15.7794,59800.0,0.0,1.0
2016-04-26,16.64,16.95,16.59,16.93,16.1028,85800.0,0.0,1.0
2016-04-27,16.92,17.25,16.7,17.13,16.293,63800.0,0.0,1.0
2016-04-28,17.08,17.34,17.08,17.12,16.3245,44300.0,0.043,1.0
2016-04-29,17.16,17.34,16.52,17.27,16.4675,56400.0,0.0,1.0
2016-05-02,17.1,17.75,16.92,17.74,16.9157,89900.0,0.0,1.0
2016-05-03,17.51,17.8,17.4,17.62,16.8012,38200.0,0.0,1.0
2016-05-04,17.59,17.8,17.52,17.55,16.7345,45800.0,0.0,1.0
2016-05-05,17.65,17.79,17.43,17.5,16.6868,32800.0,0.0,1.0
2016-05-06,17.37,17.66,17.19,17.5,16.6868,60900.0,0.0,1.0
2016-05-09,17.49,17.74,17.4,17.44,16.6296,47300.0,0.0,1.0
2016-05-10,16.44,17.25,16.01,17.03,16.2387,65000.0,0.0,1.0
2016-05-11,16.88,17.05,15.46,15.57,14.8465,54700.0,0.0,1.0
2016-05-12,15.31,15.31,14.03,14.27,13.6069,117400.0,0.0,1.0
2016-05-13,14.14,14.36,13.91,13.98,13.3304,66900.0,0.0,1.0
2016-05-16,13.56,13.72,13.05,13.32,12.7011,142900.0,0.0,1.0
2016-05-17,13.32,13.53,13.18,13.28,12.6629,60000.0,0.0,1.0
2016-05-18,13.25,13.59,13.17,13.49,12.8632,30300.0,0.0,1.0
2016-05-19,13.32,13.57,13.2,13.56,12.9299,37700.0,0.0,1.0
2016-05-20,13.56,13.72,13.17,13.71,13.0729,37200.0,0.0,1.0
2016-05-23,14.16,14.72,13.76,14.33,13.6641,105000.0,0.0,1.0
2016-05-24,14.58,14.82,14.47,14.74,14.0551,45300.0,0.0,1.0
2016-05-25,14.94,15.07,14.64,14.73,14.0455,34900.0,0.0,1.0
2016-05-26,14.74,14.74,13.92,14.61,13.9311,32900.0,0.0,1.0
2016-05-27,14.28,14.8,14.28,14.5,13.8262,33200.0,0.0,1.0
2016-05-31,14.45,14.68,14.44,14.58,13.9025,54500.0,0.0,1.0
2016-06-01,14.52,15.1,14.38,15.04,14.3411,49600.0,0.0,1.0
2016-06-02,15.03,15.5,14.86,15.46,14.7416,28200.0,0.0,1.0
2016-06-03,15.49,15.81,15.21,15.45,14.7321,19000.0,0.0,1.0
2016-06-06,15.55,15.9,15.21,15.53,14.8084,45200.0,0.0,1.0
2016-06-07,15.63,15.87,15.47,15.73,14.9991,32000.0,0.0,1.0
2016-06-08,15.85,16.09,15.69,15.98,15.2374,39000.0,0.0,1.0
2016-06-09,15.76,16.0,15.51,15.69,14.9609,49100.0,0.0,1.0
2016-06-10,15.53,16.14,15.1,15.32,14.6081,53900.0,0.0,1.0
2016-06-13,15.36,15.87,15.25,15.81,15.0753,78400.0,0.0,1.0
2016-06-14,15.72,16.42,15.71,16.31,15.5521,50600.0,0.0,1.0
2016-06-15,16.3,16.44,15.74,16.29,15.533,37900.0,0.0,1.0
2016-06-16,16.64,16.64,15.83,16.22,15.4663,47100.0,0.0,1.0
2016-06-17,16.27,16.5,16.11,16.37,15.6093,50600.0,0.0,1.0
2016-06-20,16.55,17.05,16.34,16.44,15.6761,39300.0,0.0,1.0
2016-06-21,16.43,16.74,16.35,16.57,15.8,28000.0,0.0,1.0
2016-06-22,17.4,17.4,16.0,16.16,15.4091,78500.0,0.0,1.0
2016-06-23,16.37,16.83,16.18,16.75,15.9717,41900.0,0.0,1.0
2016-06-24,16.17,16.52,15.64,16.14,15.39,91000.0,0.0,1.0
2016-06-27,15.98,15.98,14.81,14.87,14.179,49900.0,0.0,1.0
2016-06-28,15.05,15.06,14.44,14.56,13.8834,61400.0,0.0,1.0
2016-06-29,14.68,14.93,14.52,14.57,13.893,40000.0,0.0,1.0
2016-06-30,14.6,14.65,14.34,14.59,13.912,21600.0,0.0,1.0
2016-07-01,14.56,14.7,14.41,14.57,13.893,27700.0,0.0,1.0
2016-07-05,14.48,15.29,13.76,13.87,13.2255,39200.0,0.0,1.0
2016-07-06,13.82,14.19,13.68,14.01,13.359,38100.0,0.0,1.0
2016-07-07,14.13,14.57,13.87,14.35,13.6832,39400.0,0.0,1.0
2016-07-08,14.51,14.87,14.09,14.75,14.0646,35100.0,0.0,1.0
2016-07-11,14.77,15.09,14.7,15.03,14.3316,25200.0,0.0,1.0
2016-07-12,15.19,15.89,15.15,15.63,14.9037,28800.0,0.0,1.0
2016-07-13,15.57,15.96,15.56,15.76,15.0277,24200.0,0.0,1.0
2016-07-14,16.03,16.03,15.66,15.78,15.0467,16600.0,0.0,1.0
2016-07-15,15.9,15.92,15.71,15.83,15.0944,12500.0,0.0,1.0
2016-07-18,15.53,15.8,14.88,15.36,14.6463,25000.0,0.0,1.0
2016-07-19,15.45,15.45,14.9,15.28,14.57,26900.0,0.0,1.0
2016-07-20,15.37,15.63,14.95,15.4,14.6844,77400.0,0.0,1.0
2016-07-21,15.32,15.47,14.92,15.15,14.446,24200.0,0.0,1.0
2016-07-22,15.07,15.45,14.85,15.27,14.5604,16300.0,0.0,1.0
2016-07-25,15.23,15.37,15.01,15.08,14.3793,35900.0,0.0,1.0
2016-07-26,15.13,15.13,14.62,14.82,14.1314,25700.0,0.0,1.0
2016-07-27,14.94,14.94,14.48,14.66,13.9788,14700.0,0.0,1.0
2016-07-28,14.78,14.78,14.05,14.17,13.5513,26300.0,0.043,1.0
2016-07-29,14.15,14.21,13.38,13.39,12.8054,54400.0,0.0,1.0
2016-08-01,13.35,14.36,13.34,14.21,13.5896,35500.0,0.0,1.0
2016-08-02,14.23,14.48,13.83,13.89,13.2835,15700.0,0.0,1.0
2016-08-03,13.8,14.18,13.63,14.14,13.5226,21700.0,0.0,1.0
2016-08-04,14.16,14.27,13.93,14.13,13.513,9800.0,0.0,1.0
2016-08-05,14.15,15.75,14.15,14.88,14.2303,19900.0,0.0,1.0
2016-08-08,15.28,15.28,13.91,13.97,13.36,14100.0,0.0,1.0
2016-08-09,14.25,14.3,13.22,13.34,12.7575,18800.0,0.0,1.0
2016-08-10,13.45,13.45,12.81,12.99,12.4228,16700.0,0.0,1.0
2016-08-11,12.9,13.75,12.9,13.0,12.4324,35000.0,0.0,1.0
2016-08-12,13.06,13.15,12.7,13.07,12.4993,15500.0,0.0,1.0
2016-08-15,13.17,13.47,13.01,13.31,12.7289,25900.0,0.0,1.0
2016-08-16,13.39,13.89,13.37,13.62,13.0253,33200.0,0.0,1.0
2016-08-17,13.73,13.73,13.29,13.33,12.748,16000.0,0.0,1.0
2016-08-18,13.16,13.64,13.16,13.43,12.8436,16100.0,0.0,1.0
2016-08-19,13.44,13.8,13.24,13.37,12.7862,25400.0,0.0,1.0
2016-08-22,13.37,13.53,13.25,13.39,12.8054,15600.0,0.0,1.0
2016-08-23,13.44,13.66,13.36,13.39,12.8054,10900.0,0.0,1.0
2016-08-24,13.29,13.41,13.07,13.14,12.5663,27400.0,0.0,1.0
2016-08-25,13.31,13.36,13.05,13.33,12.748,17300.0,0.0,1.0
2016-08-26,13.4,13.79,13.36,13.51,12.9201,11900.0,0.0,1.0
2016-08-29,13.62,13.62,13.26,13.38,12.7958,16300.0,0.0,1.0
2016-08-30,13.31,13.58,13.22,13.42,12.8341,19000.0,0.0,1.0
2016-08-31,13.75,13.75,13.4,13.42,12.8341,15400.0,0.0,1.0
2016-09-01,13.46,13.48,13.24,13.33,12.748,17900.0,0.0,1.0
2016-09-02,13.3,13.7,13.14,13.35,12.7671,21600.0,0.0,1.0
2016-09-06,13.33,13.46,13.12,13.39,12.8054,16600.0,0.0,1.0
2016-09-07,13.62,13.83,13.34,13.65,13.054,34900.0,0.0,1.0
2016-09-08,13.74,13.76,13.19,13.5,12.9106,18600.0,0.0,1.0
2016-09-09,13.11,13.25,12.94,12.98,12.4133,14800.0,0.0,1.0
2016-09-12,12.94,13.7,12.61,12.7,12.1455,19400.0,0.0,1.0
2016-09-13,12.81,12.81,12.35,12.42,11.8777,20800.0,0.0,1.0
2016-09-14,12.38,12.41,12.03,12.12,11.5908,20100.0,0.0,1.0
2016-09-15,12.31,12.48,12.19,12.36,11.8203,11600.0,0.0,1.0
2016-09-16,12.41,12.52,12.24,12.47,11.9255,30800.0,0.0,1.0
2016-09-19,12.5,12.95,12.5,12.64,12.0881,22800.0,0.0,1.0
2016-09-20,12.73,12.76,12.49,12.55,12.002,16000.0,0.0,1.0
2016-09-21,12.57,12.62,12.36,12.52,11.9733,11600.0,0.0,1.0
2016-09-22,12.54,13.02,12.47,13.0,12.4324,21500.0,0.0,1.0
2016-09-23,12.91,13.28,12.84,13.01,12.442,13600.0,0.0,1.0
2016-09-26,12.76,13.05,12.68,12.97,12.4037,13700.0,0.0,1.0
2016-09-27,12.93,12.98,12.51,12.75,12.1933,16700.0,0.0,1.0
2016-09-28,12.73,12.73,12.51,12.68,12.1264,16700.0,0.0,1.0
2016-09-29,12.72,13.26,12.5,12.77,12.2124,19500.0,0.0,1.0
2016-09-30,12.78,13.56,12.78,13.46,12.8723,18500.0,0.0,1.0
2016-10-03,13.36,13.57,13.2,13.46,12.8723,16000.0,0.0,1.0
2016-10-04,13.63,13.63,13.34,13.4,12.8149,14800.0,0.0,1.0
2016-10-05,13.5,13.58,12.95,13.05,12.4802,16100.0,0.0,1.0
2016-10-06,13.1,13.15,12.88,12.96,12.3941,10600.0,0.0,1.0
2016-10-07,12.9,12.98,12.74,12.86,12.2985,15700.0,0.0,1.0
2016-10-10,13.8,13.8,12.75,12.9,12.3368,5200.0,0.0,1.0
2016-10-11,13.0,13.0,12.55,12.7,12.1455,27900.0,0.0,1.0
2016-10-12,12.65,13.95,12.65,13.8,13.1975,34400.0,0.0,1.0
2016-10-13,13.6,13.7,13.05,13.55,12.9584,17200.0,0.0,1.0
2016-10-14,13.7,13.75,13.55,13.65,13.054,25300.0,0.0,1.0
2016-10-17,13.75,14.05,13.75,13.95,13.3409,14300.0,0.0,1.0
2016-10-18,14.0,14.0,13.75,13.8,13.1975,5700.0,0.0,1.0
2016-10-19,13.8,14.05,13.75,13.75,13.1496,11000.0,0.0,1.0
2016-10-20,13.65,13.8,13.6,13.65,13.054,8700.0,0.0,1.0
2016-10-21,13.65,13.85,13.5,13.75,13.1496,6600.0,0.0,1.0
2016-10-24,13.9,14.0,13.9,13.95,13.3409,14400.0,0.0,1.0
2016-10-25,14.0,14.25,13.95,13.95,13.3409,9400.0,0.0,1.0
2016-10-26,13.95,14.15,13.95,14.0,13.3887,19100.0,0.0,1.0
2016-10-27,14.0,14.05,13.9,13.95,13.3409,10800.0,0.0,1.0
2016-10-28,14.05,14.15,14.0,14.1,13.5261,9800.0,0.043,1.0
2016-10-31,14.0,14.45,13.95,14.15,13.574,50000.0,0.0,1.0
2016-11-01,14.25,14.95,14.0,14.1,13.5261,13300.0,0.0,1.0
2016-11-02,14.05,14.35,13.9,13.9,13.3342,16800.0,0.0,1.0
2016-11-03,13.95,14.1,13.95,14.0,13.4301,11600.0,0.0,1.0
2016-11-04,14.15,14.15,14.0,14.0,13.4301,22900.0,0.0,1.0
2016-11-07,14.2,14.65,14.0,14.55,13.9577,17700.0,0.0,1.0
2016-11-08,14.55,14.85,14.48,14.8,14.1976,8800.0,0.0,1.0
2016-11-09,14.65,15.0,14.65,15.0,14.3894,29900.0,0.0,1.0
2016-11-10,15.1,15.65,14.75,15.4,14.7731,41200.0,0.0,1.0
2016-11-11,15.35,16.6,15.35,16.5,15.8284,57500.0,0.0,1.0
2016-11-14,16.7,16.8,16.5,16.7,16.0202,30300.0,0.0,1.0
2016-11-15,16.95,17.0,16.45,16.75,16.0682,71600.0,0.0,1.0
2016-11-16,16.75,16.95,16.55,16.75,16.0682,16700.0,0.0,1.0
2016-11-17,16.7,16.7,16.05,16.15,15.4926,21400.0,0.0,1.0
2016-11-18,16.2,16.75,15.3,16.75,16.0682,25800.0,0.0,1.0
2016-11-21,16.6,17.0,16.55,16.7,16.0202,26400.0,0.0,1.0
2016-11-22,16.7,16.75,16.1,16.65,15.9723,40300.0,0.0,1.0
2016-11-23,16.25,16.45,16.18,16.3,15.6365,23000.0,0.0,1.0
2016-11-25,16.7,16.7,16.4,16.5,15.8284,12600.0,0.0,1.0
2016-11-28,16.4,16.5,16.2,16.5,15.8284,13400.0,0.0,1.0
2016-11-29,16.45,16.85,16.38,16.7,16.0202,55900.0,0.0,1.0
2016-11-30,16.65,16.9,16.55,16.7,16.0202,27500.0,0.0,1.0
2016-12-01,16.8,17.2,16.7,17.15,16.4519,56000.0,0.0,1.0
2016-12-02,17.05,17.4,17.05,17.2,16.4999,28700.0,0.0,1.0
2016-12-05,17.3,17.6,17.3,17.5,16.7877,41700.0,0.0,1.0
2016-12-06,17.45,17.6,17.2,17.6,16.8836,30700.0,0.0,1.0
2016-12-07,17.6,17.6,17.0,17.1,16.4039,43900.0,0.0,1.0
2016-12-08,17.2,18.0,17.05,17.3,16.5958,36300.0,0.0,1.0
2016-12-09,17.45,18.5,17.45,18.2,17.4592,31300.0,0.0,1.0
2016-12-12,18.2,18.85,18.2,18.8,18.0347,23500.0,0.0,1.0
2016-12-13,18.8,19.0,18.65,18.8,18.0347,25400.0,0.0,1.0
2016-12-14,18.75,19.1,18.6,18.7,17.9388,11900.0,0.0,1.0
2016-12-15,18.25,18.65,17.3,18.5,17.7469,32900.0,0.0,1.0
2016-12-16,18.3,18.6,18.1,18.4,17.651,78600.0,0.0,1.0
2016-12-19,18.1,19.3,18.1,18.8,18.0347,32000.0,0.0,1.0
2016-12-20,19.0,19.35,17.95,18.25,17.5071,43100.0,0.0,1.0
2016-12-21,18.25,18.5,17.95,18.05,17.3153,31100.0,0.0,1.0
2016-12-22,18.1,18.3,17.8,17.8,17.0754,10400.0,0.0,1.0
2016-12-23,17.55,18.1,17.55,17.95,17.2193,12400.0,0.0,1.0
2016-12-27,17.75,18.35,17.75,18.2,17.4592,6900.0,0.0,1.0
2016-12-28,18.18,18.8,17.85,18.35,17.6031,18300.0,0.0,1.0
2016-12-29,18.35,18.7,18.05,18.15,17.4112,27400.0,0.0,1.0
2016-12-30,18.15,18.15,17.5,17.75,17.0275,24700.0,0.0,1.0
2017-01-03,17.95,17.95,17.25,17.5,16.7877,36700.0,0.0,1.0
2017-01-04,17.55,17.7,17.3,17.4,16.6917,29600.0,0.0,1.0
2017-01-05,17.4,17.5,17.13,17.2,16.4999,15300.0,0.0,1.0
2017-01-06,17.25,17.3,16.85,16.95,16.26,7100.0,0.0,1.0
2017-01-09,16.85,16.95,16.55,16.55,15.8763,13100.0,0.0,1.0
2017-01-10,16.5,16.6,16.4,16.55,15.8763,11100.0,0.0,1.0
2017-01-11,16.6,16.95,16.6,16.75,16.0682,20600.0,0.0,1.0
2017-01-12,16.8,16.8,16.6,16.6,15.9243,5300.0,0.0,1.0
2017-01-13,16.7,16.7,16.05,16.4,15.7324,5900.0,0.0,1.0
2017-01-17,16.5,16.5,16.1,16.2,15.5406,13500.0,0.0,1.0
2017-01-18,16.25,16.25,16.0,16.05,15.3967,4600.0,0.0,1.0
2017-01-19,16.2,16.2,15.15,15.15,14.5333,10600.0,0.0,1.0
2017-01-20,15.1,15.55,15.05,15.1,14.4853,13800.0,0.0,1.0
2017-01-23,14.9,14.9,13.8,14.9,14.2935,21900.0,0.0,1.0
2017-01-24,15.05,15.65,14.93,15.55,14.917,12900.0,0.0,1.0
2017-01-25,15.55,16.0,15.55,15.85,15.2048,5200.0,0.0,1.0
2017-01-26,15.85,15.85,15.25,15.45,14.8211,7600.0,0.0,1.0
2017-01-27,15.75,15.75,15.3,15.35,14.7252,7700.0,0.0,1.0
2017-01-30,15.35,15.35,15.0,15.05,14.4779,14900.0,0.043,1.0
2017-01-31,14.9,15.05,14.6,14.95,14.3817,12800.0,0.0,1.0
2017-02-01,14.95,15.0,14.55,14.7,14.1412,14700.0,0.0,1.0
2017-02-02,14.5,14.8,14.5,14.65,14.0931,13000.0,0.0,1.0
2017-02-03,14.8,14.8,14.6,14.7,14.1412,9200.0,0.0,1.0
2017-02-06,14.55,14.65,14.45,14.55,13.9969,11700.0,0.0,1.0
2017-02-07,14.6,14.75,14.35,14.55,13.9969,11100.0,0.0,1.0
2017-02-08,14.45,14.5,14.4,14.45,13.9007,11600.0,0.0,1.0
2017-02-09,14.35,14.6,14.35,14.55,13.9969,7800.0,0.0,1.0
2017-02-10,14.5,15.05,14.4,14.8,14.2374,89200.0,0.0,1.0
2017-02-13,14.8,14.8,14.4,14.5,13.9488,18000.0,0.0,1.0
2017-02-14,14.55,14.8,14.55,14.75,14.1893,18900.0,0.0,1.0
2017-02-15,14.65,14.8,14.5,14.7,14.1412,15100.0,0.0,1.0
2017-02-16,14.65,14.75,14.4,14.5,13.9488,21600.0,0.0,1.0
2017-02-17,14.5,14.85,14.5,14.7,14.1412,22200.0,0.0,1.0
2017-02-21,14.65,14.95,14.55,14.8,14.2374,31200.0,0.0,1.0
2017-02-22,14.75,15.05,14.7,14.8,14.2374,25900.0,0.0,1.0
2017-02-23,14.6,14.75,14.5,14.7,14.1412,8900.0,0.0,1.0
2017-02-24,14.65,14.9,14.65,14.75,14.1893,17600.0,0.0,1.0
2017-02-27,14.75,15.4,14.75,15.1,14.526,29900.0,0.0,1.0
2017-02-28,15.1,15.2,14.4,14.5,13.9488,49300.0,0.0,1.0
2017-03-01,14.7,15.13,14.65,14.85,14.2855,27000.0,0.0,1.0
2017-03-02,14.95,15.05,14.65,14.9,14.3336,13700.0,0.0,1.0
2017-03-03,14.85,15.15,14.6,14.65,14.0931,13500.0,0.0,1.0
2017-03-06,14.75,14.75,14.45,14.55,13.9969,19000.0,0.0,1.0
2017-03-07,14.55,14.95,14.55,14.75,14.1893,10500.0,0.0,1.0
2017-03-08,14.8,15.14,14.4,14.5,13.9488,26800.0,0.0,1.0
2017-03-09,14.83,14.9,14.25,14.35,13.8045,20400.0,0.0,1.0
2017-03-10,14.5,15.0,14.25,14.45,13.9007,35800.0,0.0,1.0
2017-03-13,16.05,19.0,15.65,18.9,18.1816,333500.0,0.0,1.0
2017-03-14,20.6,21.2,19.6,20.1,19.336,215400.0,0.0,1.0
2017-03-15,20.1,20.3,20.0,20.1,19.336,125000.0,0.0,1.0
2017-03-16,20.1,20.15,19.35,19.75,18.9993,152700.0,0.0,1.0
2017-03-17,19.5,19.8,19.05,19.5,18.7588,83800.0,0.0,1.0
2017-03-20,19.5,20.0,19.4,19.85,19.0955,53000.0,0.0,1.0
2017-03-21,19.8,19.95,19.45,19.9,19.1436,76900.0,0.0,1.0
2017-03-22,19.85,19.95,19.8,19.9,19.1436,105500.0,0.0,1.0
2017-03-23,19.85,19.95,19.5,19.6,18.855,147300.0,0.0,1.0
2017-03-24,19.65,19.95,19.65,19.9,19.1436,93400.0,0.0,1.0
2017-03-27,19.7,19.95,19.7,19.8,19.0474,57300.0,0.0,1.0
2017-03-28,19.75,19.9,19.5,19.85,19.0955,23900.0,0.0,1.0
2017-03-29,19.75,19.9,19.65,19.9,19.1436,52600.0,0.0,1.0
2017-03-30,19.85,19.9,19.7,19.85,19.0955,45400.0,0.0,1.0
2017-03-31,19.8,20.25,19.5,20.1,19.336,81100.0,0.0,1.0
2017-04-03,20.0,20.25,19.85,20.1,19.336,52600.0,0.0,1.0
2017-04-04,20.05,20.8,20.05,20.5,19.7208,29600.0,0.0,1.0
2017-04-05,20.5,20.75,19.95,20.0,19.2398,19900.0,0.0,1.0
2017-04-06,19.95,20.25,19.95,20.25,19.4803,32000.0,0.0,1.0
2017-04-07,20.15,20.2,20.1,20.1,19.336,8500.0,0.0,1.0
2017-04-10,20.05,20.25,19.9,20.2,19.4322,33300.0,0.0,1.0
2017-04-11,20.2,20.75,20.15,20.65,19.8651,36600.0,0.0,1.0
2017-04-12,20.55,20.7,20.2,20.2,19.4322,7400.0,0.0,1.0
2017-04-13,20.15,20.35,19.8,20.2,19.4322,21200.0,0.0,1.0
2017-04-17,20.2,20.35,20.0,20.25,19.4803,22000.0,0.0,1.0
2017-04-18,20.45,20.55,20.15,20.45,19.6727,25900.0,0.0,1.0
2017-04-19,20.35,20.4,17.6,19.05,18.3259,141000.0,0.0,1.0
2017-04-20,19.05,20.45,19.05,20.4,19.6246,55900.0,0.0,1.0
2017-04-21,19.95,20.3,19.81,20.25,19.4803,33000.0,0.0,1.0
2017-04-24,20.45,20.85,20.3,20.6,19.817,46300.0,0.0,1.0
2017-04-25,20.8,20.85,20.38,20.45,19.6727,17700.0,0.0,1.0
2017-04-26,20.35,20.85,20.2,20.25,19.4803,34700.0,0.0,1.0
2017-04-27,20.35,20.45,20.05,20.15,19.4253,21500.0,0.043,1.0
2017-04-28,20.15,20.25,19.05,19.2,18.5095,40700.0,0.0,1.0
2017-05-01,19.3,19.4,19.18,19.3,18.6059,21500.0,0.0,1.0
2017-05-02,19.2,20.55,18.75,18.8,18.1239,17800.0,0.0,1.0
2017-05-03,18.7,18.91,17.7,18.0,17.3527,53000.0,0.0,1.0
2017-05-04,17.6,18.1,17.6,18.0,17.3527,30300.0,0.0,1.0
2017-05-05,18.05,18.4,17.9,18.15,17.4973,20200.0,0.0,1.0
2017-05-08,18.25,18.46,17.9,18.25,17.5937,19100.0,0.0,1.0
2017-05-09,18.2,19.55,18.2,19.5,18.7987,60100.0,0.0,1.0
2017-05-10,19.1,19.5,19.1,19.4,18.7023,17600.0,0.0,1.0
2017-05-11,19.4,19.75,18.9,19.55,18.8469,144300.0,0.0,1.0
2017-05-12,19.45,19.6,19.35,19.4,18.7023,13900.0,0.0,1.0
2017-05-15,19.55,19.75,18.85,18.95,18.2685,21900.0,0.0,1.0
2017-05-16,18.95,19.2,18.5,19.0,18.3167,62600.0,0.0,1.0
2017-05-17,18.75,18.85,18.55,18.7,18.0275,32900.0,0.0,1.0
2017-05-18,18.79,19.25,18.79,18.9,18.2203,48000.0,0.0,1.0
2017-05-19,18.85,18.85,18.45,18.55,17.8829,65900.0,0.0,1.0
2017-05-22,18.6,18.65,18.45,18.55,17.8829,27600.0,0.0,1.0
2017-05-23,18.55,18.7,18.1,18.35,17.6901,23400.0,0.0,1.0
2017-05-24,18.35,18.4,18.0,18.35,17.6901,15000.0,0.0,1.0
2017-05-25,18.35,18.65,17.85,18.0,17.3527,33600.0,0.0,1.0
2017-05-26,18.0,18.6,18.0,18.25,17.5937,64700.0,0.0,1.0
2017-05-30,18.3,18.7,18.25,18.45,17.7865,27800.0,0.0,1.0
2017-05-31,18.4,18.45,18.15,18.4,17.7383,15200.0,0.0,1.0
2017-06-01,18.3,19.0,18.3,18.9,18.2203,29700.0,0.0,1.0
2017-06-02,18.7,19.7,18.7,19.4,18.7023,26100.0,0.0,1.0
2017-06-05,19.25,19.58,18.3,19.2,18.5095,18900.0,0.0,1.0
2017-06-06,19.0,19.35,18.75,19.25,18.5577,29500.0,0.0,1.0
2017-06-07,19.45,19.45,18.85,18.9,18.2203,14600.0,0.0,1.0
2017-06-08,18.85,19.13,18.65,18.75,18.0757,29000.0,0.0,1.0
2017-06-09,18.8,19.25,18.65,19.15,18.4613,26000.0,0.0,1.0
2017-06-12,19.2,19.2,18.0,18.3,17.6419,35600.0,0.0,1.0
2017-06-13,18.3,18.4,18.25,18.35,17.6901,27200.0,0.0,1.0
2017-06-14,18.5,18.5,18.0,18.4,17.7383,33800.0,0.0,1.0
2017-06-15,18.15,18.35,18.0,18.2,17.5455,58400.0,0.0,1.0
2017-06-16,17.8,18.02,17.6,17.95,17.3045,56600.0,0.0,1.0
2017-06-19,17.9,18.35,17.9,18.05,17.4009,17500.0,0.0,1.0
2017-06-20,18.05,18.35,17.9,18.25,17.5937,24000.0,0.0,1.0
2017-06-21,18.25,18.25,18.05,18.15,17.4973,21800.0,0.0,1.0
2017-06-22,18.25,18.5,17.7,18.45,17.7865,13700.0,0.0,1.0
2017-06-23,18.4,18.55,18.25,18.35,17.6901,137800.0,0.0,1.0
2017-06-26,18.5,18.7,18.2,18.45,17.7865,15400.0,0.0,1.0
2017-06-27,18.4,18.7,18.4,18.6,17.9311,8600.0,0.0,1.0
2017-06-28,18.6,18.8,18.45,18.55,17.8829,9400.0,0.0,1.0
2017-06-29,18.5,18.65,18.0,18.15,17.4973,18200.0,0.0,1.0
2017-06-30,18.15,18.4,17.95,18.15,17.4973,20700.0,0.0,1.0
2017-07-03,18.1,18.38,18.1,18.1,17.4491,7100.0,0.0,1.0
2017-07-05,18.15,18.25,17.8,18.2,17.5455,35700.0,0.0,1.0
2017-07-06,18.1,18.15,17.95,18.1,17.4491,30800.0,0.0,1.0
2017-07-07,18.25,18.85,18.1,18.8,18.1239,14300.0,0.0,1.0
2017-07-10,18.6,19.2,18.15,19.05,18.3649,32200.0,0.0,1.0
2017-07-11,18.65,19.05,18.2,18.95,18.2685,13700.0,0.0,1.0
2017-07-12,19.0,19.1,18.85,19.0,18.3167,14200.0,0.0,1.0
2017-07-13,18.95,19.2,18.9,19.2,18.5095,16500.0,0.0,1.0
2017-07-14,19.15,19.65,19.15,19.55,18.8469,31400.0,0.0,1.0
2017-07-17,19.55,19.7,19.4,19.6,18.8951,11800.0,0.0,1.0
2017-07-18,19.45,19.7,19.3,19.6,18.8951,11400.0,0.0,1.0
2017-07-19,19.6,19.8,19.45,19.7,18.9915,12200.0,0.0,1.0
2017-07-20,19.65,19.75,19.55,19.6,18.8951,5700.0,0.0,1.0
2017-07-21,19.8,19.85,19.5,19.55,18.8469,13400.0,0.0,1.0
2017-07-24,19.5,19.5,19.15,19.45,18.7505,23300.0,0.0,1.0
2017-07-25,19.45,20.2,19.45,20.0,19.2807,35000.0,0.0,1.0
2017-07-26,19.45,19.75,19.15,19.5,18.7987,8600.0,0.0,1.0
2017-07-27,19.5,19.5,18.8,19.25,18.5577,15700.0,0.0,1.0
2017-07-28,19.1,19.35,19.1,19.25,18.5992,12300.0,0.043,1.0
2017-07-31,19.3,19.3,18.85,18.95,18.3094,38300.0,0.0,1.0
2017-08-01,19.25,19.25,19.0,19.1,18.4543,28700.0,0.0,1.0
2017-08-02,19.15,19.2,19.0,19.0,18.3577,13300.0,0.0,1.0
2017-08-03,18.95,19.05,18.95,19.0,18.3577,15400.0,0.0,1.0
2017-08-04,19.1,19.1,18.85,18.9,18.302,26600.0,0.0425,1.0
2017-08-07,19.0,19.0,18.55,18.75,18.1568,30500.0,0.0,1.0
2017-08-08,18.1,18.25,16.77,17.05,16.5106,52400.0,0.0,1.0
2017-08-09,17.05,17.05,16.4,16.4,15.8811,24500.0,0.0,1.0
2017-08-10,16.45,16.48,15.9,15.9,15.3969,48300.0,0.0,1.0
2017-08-11,16.05,16.05,15.85,15.95,15.4454,22600.0,0.0,1.0
2017-08-14,16.0,16.15,15.95,16.1,15.5906,30000.0,0.0,1.0
2017-08-15,16.1,16.4,16.1,16.35,15.8327,16900.0,0.0,1.0
2017-08-16,16.35,16.5,16.35,16.45,15.9295,12500.0,0.0,1.0
2017-08-17,16.35,16.65,16.35,16.6,16.0748,24800.0,0.0,1.0
2017-08-18,16.4,16.8,16.4,16.8,16.2685,36000.0,0.0,1.0
2017-08-21,16.7,16.7,16.5,16.6,16.0748,13500.0,0.0,1.0
2017-08-22,16.6,16.7,16.35,16.65,16.1232,20300.0,0.0,1.0
2017-08-23,16.45,16.55,16.35,16.45,15.9295,9300.0,0.0,1.0
2017-08-24,16.45,16.9,16.45,16.9,16.3653,14800.0,0.0,1.0
2017-08-25,16.9,16.95,16.75,16.85,16.3169,21100.0,0.0,1.0
2017-08-28,16.9,17.0,16.85,16.9,16.3653,18500.0,0.0,1.0
2017-08-29,16.75,17.15,16.75,17.15,16.6074,21500.0,0.0,1.0
2017-08-30,17.05,17.18,17.0,17.15,16.6074,12000.0,0.0,1.0
2017-08-31,17.2,17.65,17.2,17.4,16.8495,28500.0,0.0,1.0
2017-09-01,17.45,17.95,16.85,17.1,16.559,87400.0,0.0,1.0
2017-09-05,17.05,17.1,16.95,17.05,16.5106,44400.0,0.0,1.0
2017-09-06,17.05,17.25,17.05,17.1,16.559,12400.0,0.0,1.0
2017-09-07,17.25,17.25,17.05,17.1,16.559,11000.0,0.0,1.0
2017-09-08,17.05,17.2,17.05,17.05,16.5106,15900.0,0.0,1.0
2017-09-11,17.05,17.2,16.85,17.2,16.6558,14200.0,0.0,1.0
2017-09-12,17.2,17.8,17.2,17.65,17.0916,10100.0,0.0,1.0
2017-09-13,17.3,17.6,17.3,17.6,17.0431,10100.0,0.0,1.0
2017-09-14,17.55,17.75,17.55,17.7,17.14,10800.0,0.0,1.0
2017-09-15,17.75,17.75,17.55,17.6,17.0431,52500.0,0.0,1.0
2017-09-18,17.7,17.95,17.65,17.85,17.2852,11600.0,0.0,1.0
2017-09-19,17.8,17.95,17.75,17.9,17.3337,12200.0,0.0,1.0
2017-09-20,17.7,17.8,17.7,17.7,17.14,10300.0,0.0,1.0
2017-09-21,17.65,17.8,17.5,17.6,17.0431,16100.0,0.0,1.0
2017-09-22,17.65,17.9,17.65,17.9,17.3337,5500.0,0.0,1.0
2017-09-25,17.8,18.3,17.75,18.15,17.5757,20600.0,0.0,1.0
2017-09-26,18.25,18.3,18.0,18.15,17.5757,22000.0,0.0,1.0
2017-09-27,18.2,19.15,18.14,19.05,18.4473,22300.0,0.0,1.0
2017-09-28,18.95,19.05,18.6,18.7,18.1083,17500.0,0.0,1.0
2017-09-29,18.6,18.75,18.3,18.3,17.721,11400.0,0.0,1.0
2017-10-02,18.25,18.8,18.25,18.75,18.1568,13900.0,0.0,1.0
2017-10-03,18.8,19.45,18.8,18.85,18.2536,22400.0,0.0,1.0
2017-10-04,18.85,19.2,18.85,19.15,18.5441,16700.0,0.0,1.0
2017-10-05,19.25,19.55,18.65,19.45,18.8346,21500.0,0.0,1.0
2017-10-06,19.5,19.5,19.25,19.4,18.7862,13900.0,0.0,1.0
2017-10-09,19.45,19.7,19.1,19.15,18.5441,20400.0,0.0,1.0
2017-10-10,19.35,19.35,19.0,19.15,18.5441,34300.0,0.0,1.0
2017-10-11,19.45,19.5,19.05,19.1,18.4957,31900.0,0.0,1.0
2017-10-12,17.7,19.4,17.7,19.1,18.4957,12000.0,0.0,1.0
2017-10-13,19.2,19.2,18.6,19.05,18.4473,31300.0,0.0,1.0
2017-10-16,19.2,19.2,19.1,19.15,18.5441,10700.0,0.0,1.0
2017-10-17,19.25,19.35,19.0,19.1,18.4957,15400.0,0.0,1.0
2017-10-18,18.9,19.4,18.4,19.25,18.6409,9900.0,0.0,1.0
2017-10-19,18.85,19.0,18.5,18.9,18.302,6600.0,0.0,1.0
2017-10-20,19.05,19.25,18.65,19.25,18.6409,10000.0,0.0,1.0
2017-10-23,19.0,19.25,19.0,19.15,18.5441,7400.0,0.0,1.0
2017-10-24,19.3,19.5,19.3,19.45,18.8346,4800.0,0.0,1.0
2017-10-25,19.2,19.35,19.0,19.15,18.5441,10300.0,0.0,1.0
2017-10-26,19.3,19.3,19.0,19.15,18.5441,9800.0,0.0,1.0
2017-10-27,19.0,19.25,19.0,19.25,18.6409,22200.0,0.0,1.0
2017-10-30,19.0,19.25,18.65,18.85,18.294,10600.0,0.0425,1.0
2017-10-31,18.95,19.25,18.6,18.65,18.1413,33600.0,0.043,1.0
2017-11-01,18.9,18.9,17.63,18.2,17.7035,13800.0,0.0,1.0
2017-11-02,17.9,18.2,17.15,17.5,17.0226,36200.0,0.0,1.0
2017-11-03,17.35,18.4,17.2,17.25,16.7795,64300.0,0.0,1.0
2017-11-06,17.3,17.85,17.15,17.25,16.7795,16900.0,0.0,1.0
2017-11-07,17.3,17.5,16.95,16.95,16.4876,28500.0,0.0,1.0
2017-11-08,16.9,16.9,16.35,16.7,16.2445,13900.0,0.0,1.0
2017-11-09,15.85,17.2,15.85,16.65,16.1958,60200.0,0.0,1.0
2017-11-10,16.5,16.86,16.5,16.7,16.2445,10000.0,0.0,1.0
2017-11-13,16.45,16.55,16.15,16.4,15.9526,8700.0,0.0,1.0
2017-11-14,16.35,16.45,16.05,16.25,15.8067,13300.0,0.0,1.0
2017-11-15,16.1,16.1,15.85,15.9,15.4663,19500.0,0.0,1.0
2017-11-16,16.0,16.25,15.95,16.0,15.5636,28600.0,0.0,1.0
2017-11-17,15.9,16.3,15.9,16.3,15.8554,8700.0,0.0,1.0
2017-11-20,16.35,16.5,16.2,16.5,16.0499,18300.0,0.0,1.0
2017-11-21,16.65,17.1,16.25,16.85,16.3904,29600.0,0.0,1.0
2017-11-22,16.95,17.3,16.9,16.95,16.4876,14700.0,0.0,1.0
2017-11-24,16.7,16.95,16.7,16.85,16.3904,6800.0,0.0,1.0
2017-11-27,16.85,17.45,16.8,17.25,16.7795,10200.0,0.0,1.0
2017-11-28,17.25,17.65,17.18,17.45,16.974,16500.0,0.0,1.0
2017-11-29,17.35,17.7,17.2,17.7,17.2172,24700.0,0.0,1.0
2017-11-30,17.75,18.25,17.75,18.1,17.6063,18500.0,0.0,1.0
2017-12-01,18.0,18.25,17.2,18.0,17.509,15900.0,0.0,1.0
2017-12-04,18.25,18.43,17.25,17.4,16.9254,35600.0,0.0,1.0
2017-12-05,17.55,17.55,17.15,17.25,16.7795,23800.0,0.0,1.0
2017-12-06,17.1,17.3,16.75,17.15,16.6822,33800.0,0.0,1.0
2017-12-07,17.15,17.7,17.1,17.45,16.974,11800.0,0.0,1.0
2017-12-08,17.45,17.7,17.22,17.55,17.0713,9700.0,0.0,1.0
2017-12-11,17.35,17.45,17.25,17.3,16.8281,14300.0,0.0,1.0
2017-12-12,17.35,17.4,16.6,16.75,16.2931,17200.0,0.0,1.0
2017-12-13,16.85,17.05,16.85,16.95,16.4876,22000.0,0.0,1.0
2017-12-14,16.9,17.85,16.8,16.9,16.439,37000.0,0.0,1.0
2017-12-15,16.9,17.3,16.8,17.0,16.5363,51700.0,0.0,1.0
2017-12-18,17.2,17.6,17.15,17.3,16.8281,12900.0,0.0,1.0
2017-12-19,17.25,17.7,17.0,17.45,16.974,14000.0,0.0,1.0
2017-12-20,17.5,17.5,17.0,17.0,16.5363,13800.0,0.0,1.0
2017-12-21,17.1,17.65,17.0,17.1,16.6336,10800.0,0.0,1.0
2017-12-22,18.25,19.25,16.7,16.9,16.439,57000.0,0.0,1.0
2017-12-26,17.0,17.2,15.93,16.3,15.8554,26900.0,0.0,1.0
2017-12-27,16.3,17.45,16.3,16.6,16.1472,101900.0,0.0,1.0
2017-12-28,16.6,17.2,16.6,16.9,16.439,21600.0,0.0,1.0
2017-12-29,16.95,17.05,16.2,16.5,16.0499,38700.0,0.0,1.0
2018-01-02,16.75,17.15,16.75,17.0,16.5363,30600.0,0.0,1.0
2018-01-03,16.95,17.65,16.95,17.2,16.7308,38600.0,0.0,1.0
2018-01-04,17.3,17.65,17.0,17.5,17.0226,10400.0,0.0,1.0
2018-01-05,17.55,17.85,16.85,17.65,17.1686,58100.0,0.0,1.0
2018-01-08,17.65,18.15,17.55,17.95,17.4604,15000.0,0.0,1.0
2018-01-09,17.95,17.95,17.35,17.95,17.4604,14000.0,0.0,1.0
2018-01-10,17.75,17.95,17.5,17.95,17.4604,8700.0,0.0,1.0
2018-01-11,17.95,18.25,17.85,17.95,17.4604,13000.0,0.0,1.0
2018-01-12,18.0,18.4,17.85,18.35,17.8495,10200.0,0.0,1.0
2018-01-16,18.35,18.6,17.75,17.85,17.3631,19900.0,0.0,1.0
2018-01-17,18.05,18.1,17.9,18.0,17.509,14400.0,0.0,1.0
2018-01-18,17.95,18.0,17.35,17.5,17.0226,12400.0,0.0,1.0
2018-01-19,17.4,17.85,17.35,17.75,17.2658,13500.0,0.0,1.0
2018-01-22,17.65,17.65,17.35,17.4,16.9254,12300.0,0.0,1.0
2018-01-23,17.4,17.95,17.35,17.5,17.0226,39200.0,0.0,1.0
2018-01-24,17.6,17.6,17.4,17.4,16.9254,4600.0,0.0,1.0
2018-01-25,17.4,17.45,17.35,17.45,16.974,9600.0,0.0,1.0
2018-01-26,17.5,17.5,17.15,17.3,16.8281,14200.0,0.0,1.0
2018-01-29,17.2,17.5,17.05,17.4,16.9254,22200.0,0.0,1.0
2018-01-30,17.35,17.64,17.25,17.4,16.9254,33600.0,0.0,1.0
2018-01-31,17.3,17.45,17.0,17.45,17.0161,130800.0,0.043,1.0
2018-02-01,17.35,17.5,17.35,17.5,17.0648,12800.0,0.0,1.0
2018-02-02,17.17,17.23,17.0,17.05,16.626,22700.0,0.0,1.0
2018-02-05,17.05,17.15,16.5,16.75,16.3335,30800.0,0.0,1.0
2018-02-06,16.3,16.75,16.3,16.55,16.1384,16500.0,0.0,1.0
2018-02-07,16.55,16.6,16.25,16.3,15.8947,10300.0,0.0,1.0
2018-02-08,16.25,16.3,16.0,16.1,15.6996,15600.0,0.0,1.0
2018-02-09,16.25,16.8,15.5,16.6,16.1872,37000.0,0.0,1.0
2018-02-12,16.6,16.8,16.1,16.5,16.0897,24700.0,0.0,1.0
2018-02-13,16.35,16.4,15.85,16.0,15.6021,24400.0,0.0,1.0
2018-02-14,15.8,16.2,15.8,16.0,15.6021,57400.0,0.0,1.0
2018-02-15,16.35,16.35,15.95,16.0,15.6021,8900.0,0.0,1.0
2018-02-16,15.9,16.0,15.85,15.95,15.5534,18000.0,0.0,1.0
2018-02-20,16.0,16.05,15.6,15.75,15.3583,9600.0,0.0,1.0
2018-02-21,15.8,15.95,15.45,15.65,15.2608,21000.0,0.0,1.0
2018-02-22,15.5,15.6,15.0,15.1,14.7245,16900.0,0.0,1.0
2018-02-23,14.95,15.25,14.88,14.95,14.5782,26900.0,0.0,1.0
2018-02-26,15.1,15.15,14.9,15.05,14.6757,16600.0,0.0,1.0
2018-02-27,15.0,15.1,14.55,14.55,14.1882,13400.0,0.0,1.0
2018-02-28,14.5,14.6,13.9,13.95,13.6031,34600.0,0.0,1.0
2018-03-01,14.2,14.35,13.75,13.8,13.4568,26400.0,0.0,1.0
2018-03-02,13.75,13.9,13.65,13.75,13.4081,25900.0,0.0,1.0
2018-03-05,13.8,14.03,13.5,13.55,13.213,34200.0,0.0,1.0
2018-03-06,13.65,13.95,13.25,13.55,13.213,42300.0,0.0,1.0
2018-03-07,13.4,13.65,13.35,13.45,13.1155,28200.0,0.0,1.0
2018-03-08,13.55,13.75,13.4,13.55,13.213,30300.0,0.0,1.0
2018-03-09,13.6,13.65,13.4,13.55,13.213,36800.0,0.0,1.0
2018-03-12,13.55,13.85,13.3,13.6,13.2618,53300.0,0.0,1.0
2018-03-13,13.75,14.35,13.45,14.0,13.6519,69100.0,0.0,1.0
2018-03-14,14.05,14.62,14.03,14.25,13.8956,37400.0,0.0,1.0
2018-03-15,14.0,14.0,12.5,12.7,12.3842,61300.0,0.0,1.0
2018-03-16,12.65,12.7,12.05,12.35,12.0429,61700.0,0.0,1.0
2018-03-19,12.4,12.75,12.35,12.55,12.2379,68500.0,0.0,1.0
2018-03-20,12.6,12.85,12.55,12.8,12.4817,28300.0,0.0,1.0
2018-03-21,12.75,13.0,12.75,12.8,12.4817,25100.0,0.0,1.0
2018-03-22,12.7,12.95,12.7,12.75,12.4329,24600.0,0.0,1.0
2018-03-23,12.75,12.95,12.65,12.75,12.4329,33100.0,0.0,1.0
2018-03-26,12.95,12.95,12.6,12.65,12.3354,24300.0,0.0,1.0
2018-03-27,12.7,12.75,12.4,12.5,12.1892,17000.0,0.0,1.0
2018-03-28,12.45,12.55,12.18,12.3,11.9941,16500.0,0.0,1.0
2018-03-29,12.55,12.6,12.35,12.4,12.0916,20300.0,0.0,1.0
2018-04-02,12.4,12.45,12.22,12.35,12.0429,31500.0,0.0,1.0
2018-04-03,12.35,12.4,12.3,12.35,12.0429,9200.0,0.0,1.0
2018-04-04,12.35,12.6,12.35,12.55,12.2379,15700.0,0.0,1.0
2018-04-05,12.65,12.85,12.55,12.75,12.4329,15100.0,0.0,1.0
2018-04-06,12.8,12.87,12.7,12.8,12.4817,14300.0,0.0,1.0
2018-04-09,12.9,13.02,12.8,12.8,12.4817,17600.0,0.0,1.0
2018-04-10,12.85,13.05,12.75,12.95,12.628,47600.0,0.0,1.0
2018-04-11,13.0,13.0,12.9,12.95,12.628,11200.0,0.0,1.0
2018-04-12,12.9,12.9,12.6,12.6,12.2867,27800.0,0.0,1.0
2018-04-13,12.6,12.6,12.45,12.45,12.1404,13200.0,0.0,1.0
2018-04-16,12.85,12.85,12.0,12.0,11.7016,33200.0,0.0,1.0
2018-04-17,12.1,12.2,12.05,12.05,11.7503,36500.0,0.0,1.0
2018-04-18,12.15,12.28,11.9,11.98,11.6821,30700.0,0.0,1.0
2018-04-19,12.0,12.05,11.23,11.75,11.4578,20400.0,0.0,1.0
2018-04-20,11.7,11.75,11.41,11.55,11.2628,20200.0,0.0,1.0
2018-04-23,11.65,11.75,11.65,11.65,11.3603,14400.0,0.0,1.0
2018-04-24,11.65,11.75,11.65,11.7,11.409,15100.0,0.0,1.0
2018-04-25,11.75,11.9,11.65,11.85,11.5553,15500.0,0.0,1.0
2018-04-26,11.9,12.2,11.8,12.05,11.7503,14600.0,0.0,1.0
2018-04-27,11.95,12.05,11.7,11.85,11.5553,33200.0,0.0,1.0
2018-04-30,11.9,12.0,11.85,11.9,11.6463,24600.0,0.043,1.0
2018-05-01,11.95,12.1,11.7,12.1,11.8421,16600.0,0.0,1.0
2018-05-02,12.05,12.25,11.85,12.15,11.891,18600.0,0.0,1.0
2018-05-03,12.05,12.1,11.85,11.85,11.5974,8600.0,0.0,1.0
2018-05-04,11.85,12.15,11.85,12.05,11.7931,5300.0,0.0,1.0
2018-05-07,12.1,12.1,11.85,12.0,11.7442,27000.0,0.0,1.0
2018-05-08,11.85,12.75,10.0,10.7,10.4719,510700.0,0.0,1.0
2018-05-09,10.7,10.78,10.6,10.6,10.374,71100.0,0.0,1.0
2018-05-10,11.1,11.1,10.75,10.9,10.6676,39200.0,0.0,1.0
2018-05-11,10.85,11.15,10.7,11.0,10.7655,33100.0,0.0,1.0
2018-05-14,10.9,11.0,10.7,10.7,10.4719,28500.0,0.0,1.0
2018-05-15,10.7,10.95,10.5,10.8,10.5698,39100.0,0.0,1.0
2018-05-16,10.85,10.9,10.75,10.75,10.5208,12700.0,0.0,1.0
2018-05-17,10.85,10.9,10.55,10.65,10.423,83100.0,0.0,1.0
2018-05-18,10.6,10.65,10.55,10.6,10.374,30500.0,0.0,1.0
2018-05-21,10.55,10.55,10.35,10.5,10.2762,20900.0,0.0,1.0
2018-05-22,10.45,10.51,10.05,10.18,9.963,48700.0,0.0,1.0
2018-05-23,10.2,10.5,10.09,10.4,10.1783,75400.0,0.0,1.0
2018-05-24,10.2,10.9,10.1,10.85,10.6187,1124600.0,0.0,1.0
2018-05-25,10.86,10.95,10.81,10.9,10.6676,17200.0,0.0,1.0
2018-05-29,10.95,11.0,10.85,10.9,10.6676,12300.0,0.0,1.0
2018-05-30,11.0,11.0,10.85,10.85,10.6187,31000.0,0.0,1.0
2018-05-31,10.85,11.0,10.85,10.9,10.6676,29500.0,0.0,1.0
2018-06-01,10.9,11.05,10.9,11.05,10.8145,38900.0,0.0,1.0
2018-06-04,11.05,11.1,11.0,11.0,10.7655,36200.0,0.0,1.0
2018-06-05,11.0,11.25,11.0,11.15,10.9123,33100.0,0.0,1.0
2018-06-06,11.2,11.35,11.2,11.25,11.0102,32900.0,0.0,1.0
2018-06-07,11.25,11.4,11.2,11.2,10.9613,42000.0,0.0,1.0
2018-06-08,11.2,11.4,11.18,11.3,11.0591,26100.0,0.0,1.0
2018-06-11,11.3,11.55,11.25,11.35,11.1081,30300.0,0.0,1.0
2018-06-12,11.3,11.65,11.3,11.6,11.3527,42800.0,0.0,1.0
2018-06-13,11.65,11.78,11.6,11.6,11.3527,21600.0,0.0,1.0
2018-06-14,11.6,11.8,11.6,11.7,11.4506,24000.0,0.0,1.0
2018-06-15,11.65,11.9,11.65,11.75,11.4995,62100.0,0.0,1.0
2018-06-18,11.75,11.8,11.3,11.65,11.4017,40100.0,0.0,1.0
2018-06-19,11.6,11.8,11.6,11.65,11.4017,39500.0,0.0,1.0
2018-06-20,11.75,12.0,11.75,11.9,11.6463,78300.0,0.0,1.0
2018-06-21,11.9,12.1,11.9,12.0,11.7442,43500.0,0.0,1.0
2018-06-22,12.05,13.0,12.05,12.75,12.4782,210800.0,0.0,1.0
2018-06-25,12.7,13.15,12.47,12.95,12.674,39200.0,0.0,1.0
2018-06-26,12.95,13.15,12.95,13.03,12.7522,31600.0,0.0,1.0
2018-06-27,13.0,13.15,12.9,13.0,12.7229,33600.0,0.0,1.0
2018-06-28,13.05,13.1,12.85,13.05,12.7718,23600.0,0.0,1.0
2018-06-29,13.05,13.25,12.55,12.65,12.3803,50600.0,0.0,1.0
2018-07-02,12.65,12.9,12.55,12.6,12.3314,11300.0,0.0,1.0
2018-07-03,12.55,13.05,12.3,12.75,12.4782,11500.0,0.0,1.0
2018-07-05,12.55,13.0,12.55,12.9,12.625,11800.0,0.0,1.0
2018-07-06,12.95,13.5,12.95,13.4,13.1144,13300.0,0.0,1.0
2018-07-09,13.5,13.55,13.25,13.3,13.0165,11800.0,0.0,1.0
2018-07-10,13.3,13.45,12.95,13.2,12.9186,21700.0,0.0,1.0
2018-07-11,13.2,13.75,12.21,13.5,13.2122,29300.0,0.0,1.0
2018-07-12,13.6,13.6,12.6,13.05,12.7718,19500.0,0.0,1.0
2018-07-13,13.1,13.35,12.9,12.9,12.625,19100.0,0.0,1.0
2018-07-16,13.0,13.25,12.65,13.25,12.9676,15100.0,0.0,1.0
2018-07-17,13.25,13.35,13.0,13.0,12.7229,13500.0,0.0,1.0
2018-07-18,13.0,13.25,12.85,13.05,12.7718,13500.0,0.0,1.0
2018-07-19,13.05,13.15,12.95,13.05,12.7718,9000.0,0.0,1.0
2018-07-20,13.05,13.2,13.0,13.15,12.8697,11400.0,0.0,1.0
2018-07-23,13.1,13.12,12.45,12.55,12.2825,28800.0,0.0,1.0
2018-07-24,12.55,12.95,12.45,12.65,12.3803,16200.0,0.0,1.0
2018-07-25,12.75,12.95,12.75,12.8,12.5272,16300.0,0.0,1.0
2018-07-26,12.75,13.05,12.65,12.95,12.674,18100.0,0.0,1.0
2018-07-27,12.95,12.95,12.2,12.2,11.9399,35800.0,0.0,1.0
2018-07-30,12.3,12.4,11.95,12.05,11.7931,13700.0,0.0,1.0
2018-07-31,12.05,12.25,11.95,12.15,11.9336,18800.0,0.043,1.0
2018-08-01,12.2,12.3,12.1,12.15,11.9336,4000.0,0.0,1.0
2018-08-02,12.2,12.2,11.85,12.0,11.7863,16500.0,0.0,1.0
2018-08-03,12.05,12.05,11.45,11.5,11.2952,12800.0,0.0,1.0
2018-08-06,11.0,11.95,10.9,11.85,11.6389,55200.0,0.0,1.0
2018-08-07,11.9,12.45,11.65,11.65,11.4425,9900.0,0.0,1.0
2018-08-08,11.6,12.05,11.6,11.9,11.688,11200.0,0.0,1.0
2018-08-09,11.95,12.0,11.75,11.85,11.6389,15900.0,0.0,1.0
2018-08-10,11.55,11.65,11.5,11.55,11.3443,9000.0,0.0,1.0
2018-08-13,11.4,11.7,10.65,11.65,11.4425,19900.0,0.0,1.0
2018-08-14,11.5,11.85,11.5,11.65,11.4425,7000.0,0.0,1.0
2018-08-15,11.65,11.8,11.45,11.75,11.5407,15100.0,0.0,1.0
2018-08-16,11.95,12.1,11.85,12.0,11.7863,15500.0,0.0,1.0
2018-08-17,11.9,11.95,11.65,11.75,11.5407,32800.0,0.0,1.0
2018-08-20,11.85,12.07,11.85,12.0,11.7863,17700.0,0.0,1.0
2018-08-21,12.18,12.3,12.0,12.0,11.7863,15200.0,0.0,1.0
2018-08-22,12.0,12.35,12.0,12.2,11.9827,9500.0,0.0,1.0
2018-08-23,12.18,12.4,12.0,12.15,11.9336,14600.0,0.0,1.0
2018-08-24,12.05,12.4,12.05,12.2,11.9827,14300.0,0.0,1.0
2018-08-27,12.15,12.15,11.8,11.85,11.6389,11700.0,0.0,1.0
2018-08-28,11.85,11.85,11.6,11.75,11.5407,24800.0,0.0,1.0
2018-08-29,11.65,11.85,11.65,11.75,11.5407,9700.0,0.0,1.0
2018-08-30,11.75,11.75,11.4,11.45,11.2461,40600.0,0.0,1.0
2018-08-31,11.5,11.65,11.15,11.65,11.4425,9600.0,0.0,1.0
2018-09-04,11.55,11.6,11.35,11.4,11.1969,13300.0,0.0,1.0
2018-09-05,11.4,11.45,11.05,11.25,11.0496,10500.0,0.0,1.0
2018-09-06,11.1,11.35,11.1,11.3,11.0987,3800.0,0.0,1.0
2018-09-07,11.15,11.35,11.1,11.2,11.0005,32700.0,0.0,1.0
2018-09-10,11.15,11.55,11.1,11.55,11.3443,7900.0,0.0,1.0
2018-09-11,11.25,11.35,11.05,11.2,11.0005,14300.0,0.0,1.0
2018-09-12,11.15,11.25,11.1,11.15,10.9514,10800.0,0.0,1.0
2018-09-13,11.15,11.15,10.89,10.95,10.755,13500.0,0.0,1.0
2018-09-14,10.71,11.0,10.7,10.8,10.6076,57200.0,0.0,1.0
2018-09-17,10.65,10.9,10.65,10.85,10.6567,27900.0,0.0,1.0
2018-09-18,11.1,11.1,10.65,10.75,10.5585,11500.0,0.0,1.0
2018-09-19,10.75,10.85,10.5,10.75,10.5585,28400.0,0.0,1.0
2018-09-20,10.5,11.43,10.5,10.9,10.7059,16000.0,0.0,1.0
2018-09-21,10.85,11.35,10.75,11.2,11.0005,82500.0,0.0,1.0
2018-09-24,11.15,11.2,10.75,10.85,10.6567,9800.0,0.0,1.0
2018-09-25,10.75,10.9,10.75,10.8,10.6076,11700.0,0.0,1.0
2018-09-26,10.75,10.95,10.75,10.75,10.5585,11700.0,0.0,1.0
2018-09-27,10.98,10.98,10.6,10.8,10.6076,25100.0,0.0,1.0
2018-09-28,10.9,10.9,10.75,10.9,10.7059,18300.0,0.0,1.0
2018-10-01,10.87,10.87,10.45,10.5,10.313,14000.0,0.0,1.0
2018-10-02,10.43,10.49,10.36,10.4,10.2148,19600.0,0.0,1.0
2018-10-03,10.3,10.36,9.83,9.97,9.7924,104300.0,0.0,1.0
2018-10-04,9.97,10.07,9.85,9.95,9.7728,36400.0,0.0,1.0
2018-10-05,9.86,9.98,9.8,9.91,9.7335,9700.0,0.0,1.0
2018-10-08,9.92,10.22,9.85,10.02,9.8415,31400.0,0.0,1.0
2018-10-09,10.02,10.1,9.95,9.98,9.8022,21900.0,0.0,1.0
2018-10-10,10.0,10.05,9.95,10.01,9.8317,26000.0,0.0,1.0
2018-10-11,10.0,10.09,9.85,9.85,9.6746,36200.0,0.0,1.0
2018-10-12,9.93,9.93,9.75,9.79,9.6156,36100.0,0.0,1.0
2018-10-15,9.76,9.81,9.56,9.73,9.5567,14200.0,0.0,1.0
2018-10-16,9.72,10.05,9.68,9.95,9.7728,32300.0,0.0,1.0
2018-10-17,9.96,9.96,9.77,9.8,9.6254,13000.0,0.0,1.0
2018-10-18,9.75,10.0,9.75,9.85,9.6746,8500.0,0.0,1.0
2018-10-19,9.78,9.94,9.75,9.78,9.6058,10200.0,0.0,1.0
2018-10-22,9.85,10.0,9.72,9.87,9.6942,12400.0,0.0,1.0
2018-10-23,9.83,9.83,9.22,9.65,9.4781,13300.0,0.0,1.0
2018-10-24,9.65,9.77,9.33,9.34,9.1736,21600.0,0.0,1.0
2018-10-25,9.21,10.1,9.21,10.09,9.9103,18300.0,0.0,1.0
2018-10-26,10.09,10.1,9.7,9.89,9.7138,7500.0,0.0,1.0
2018-10-29,10.03,10.1,9.7,10.04,9.8612,18300.0,0.0,1.0
2018-10-30,10.03,10.1,9.64,10.1,9.9201,22300.0,0.0,1.0
2018-10-31,10.1,10.35,9.82,10.35,10.2091,27100.0,0.043,1.0
2018-11-01,10.3,10.5,10.07,10.5,10.3571,50500.0,0.0,1.0
2018-11-02,10.49,10.7,10.47,10.54,10.3965,16100.0,0.0,1.0
2018-11-05,10.55,10.75,9.83,10.46,10.3176,10000.0,0.0,1.0
2018-11-06,10.45,10.6,10.14,10.23,10.0907,10300.0,0.0,1.0
2018-11-07,10.23,10.49,9.89,9.97,9.8343,26200.0,0.0,1.0
2018-11-08,9.0,10.32,9.0,10.24,10.1006,24300.0,0.0,1.0
2018-11-09,10.04,10.15,9.76,10.15,10.0118,9900.0,0.0,1.0
2018-11-12,10.07,10.47,9.98,10.31,10.1697,18000.0,0.0,1.0
2018-11-13,10.36,10.47,9.97,10.4,10.2584,30100.0,0.0,1.0
2018-11-14,10.48,10.99,10.28,10.88,10.7319,22800.0,0.0,1.0
2018-11-15,10.91,10.99,9.88,10.68,10.5346,14300.0,0.0,1.0
2018-11-16,10.61,10.77,10.6,10.6,10.4557,13000.0,0.0,1.0
2018-11-19,10.77,10.99,10.68,10.8,10.653,18100.0,0.0,1.0
2018-11-20,10.8,11.01,10.74,11.01,10.8601,28500.0,0.0,1.0
2018-11-21,11.24,11.24,11.03,11.19,11.0377,3600.0,0.0,1.0
2018-11-23,11.18,11.44,10.63,11.44,11.2843,4700.0,0.0,1.0
2018-11-26,11.4,11.72,10.66,11.51,11.3533,13900.0,0.0,1.0
2018-11-27,11.48,11.63,11.0,11.19,11.0377,37200.0,0.0,1.0
2018-11-28,10.8,11.8,10.61,11.65,11.4914,28200.0,0.0,1.0
2018-11-29,11.65,12.28,11.12,12.09,11.9254,14200.0,0.0,1.0
2018-11-30,12.1,12.25,11.72,11.94,11.7775,16000.0,0.0,1.0
2018-12-03,12.06,12.39,12.0,12.38,12.2115,34300.0,0.0,1.0
2018-12-04,12.4,12.4,12.1,12.25,12.0833,29100.0,0.0,1.0
2018-12-06,12.19,12.4,11.89,12.11,11.9452,16700.0,0.0,1.0
2018-12-07,12.03,12.4,11.89,12.38,12.2115,25700.0,0.0,1.0
2018-12-10,12.0,12.11,11.07,11.33,11.1758,6100.0,0.0,1.0
2018-12-11,11.36,11.43,11.36,11.37,11.2152,11000.0,0.0,1.0
2018-12-12,11.38,12.0,10.65,11.94,11.7775,30200.0,0.0,1.0
2018-12-13,12.22,12.22,11.39,11.4,11.2448,21700.0,0.0,1.0
2018-12-14,11.41,11.42,11.16,11.31,11.156,19000.0,0.0,1.0
2018-12-17,11.39,11.39,10.46,10.66,10.5149,15700.0,0.0,1.0
2018-12-18,10.66,11.49,10.66,10.9,10.7516,18100.0,0.0,1.0
2018-12-19,10.89,11.52,10.65,10.72,10.5741,19000.0,0.0,1.0
2018-12-20,10.82,11.38,10.71,10.81,10.6629,50100.0,0.0,1.0
2018-12-21,10.66,10.73,9.72,9.85,9.7159,84100.0,0.0,1.0
2018-12-24,9.84,9.9,9.42,9.81,9.6765,18100.0,0.0,1.0
2018-12-26,9.77,9.82,8.01,9.45,9.3214,86800.0,0.0,1.0
2018-12-27,9.34,10.04,9.27,9.59,9.4595,26100.0,0.0,1.0
2018-12-28,9.5,9.99,9.28,9.79,9.6567,26300.0,0.0,1.0
2018-12-31,9.85,10.1,9.4,10.03,9.8935,68300.0,0.0,1.0
2019-01-02,9.84,10.53,9.8,9.97,9.8343,49700.0,0.0,1.0
2019-01-03,9.96,10.54,9.47,10.31,10.1697,24700.0,0.0,1.0
2019-01-04,10.02,10.91,9.54,10.82,10.6727,25400.0,0.0,1.0
2019-01-07,10.83,11.0,10.05,10.48,10.3373,24800.0,0.0,1.0
2019-01-08,10.59,10.69,10.21,10.4,10.2584,5000.0,0.0,1.0
2019-01-09,10.5,10.64,10.26,10.62,10.4754,23200.0,0.0,1.0
2019-01-10,10.46,10.95,10.27,10.68,10.5346,28300.0,0.0,1.0
2019-01-11,10.69,10.84,10.47,10.6,10.4557,27100.0,0.0,1.0
2019-01-14,10.55,11.0,10.22,10.42,10.2782,20800.0,0.0,1.0
2019-01-15,10.43,10.81,10.32,10.5,10.3571,26500.0,0.0,1.0
2019-01-16,10.9,11.2,10.5,11.19,11.0377,42300.0,0.0,1.0
2019-01-17,11.04,11.53,10.91,11.33,11.1758,49400.0,0.0,1.0
2019-01-18,11.29,11.42,10.99,10.99,10.8404,25800.0,0.0,1.0
2019-01-22,10.99,11.55,10.2,10.26,10.1203,28900.0,0.0,1.0
2019-01-23,10.26,10.96,10.25,10.47,10.3275,30100.0,0.0,1.0
2019-01-24,10.41,10.5,10.3,10.39,10.2486,8000.0,0.0,1.0
2019-01-25,10.38,10.91,10.25,10.34,10.1993,9100.0,0.0,1.0
2019-01-28,10.33,10.35,10.09,10.25,10.1105,12700.0,0.0,1.0
2019-01-29,10.28,11.01,9.78,9.84,9.7061,25500.0,0.0,1.0
2019-01-30,9.96,10.2,9.6,9.9,9.7652,15700.0,0.0,1.0
2019-01-31,9.89,9.89,9.7,9.73,9.6394,20300.0,0.043,1.0
2019-02-01,9.8,9.8,9.61,9.64,9.5503,15000.0,0.0,1.0
2019-02-04,9.65,9.8,9.65,9.71,9.6196,5400.0,0.0,1.0
2019-02-05,9.79,10.02,9.73,9.83,9.7385,19300.0,0.0,1.0
2019-02-06,9.84,10.08,9.84,10.01,9.9168,7100.0,0.0,1.0
2019-02-07,9.78,10.46,9.65,10.3,10.2041,8800.0,0.0,1.0
2019-02-08,10.28,11.19,9.92,11.1,10.9967,46300.0,0.0,1.0
2019-02-11,11.05,11.05,10.74,10.75,10.6499,7300.0,0.0,1.0
2019-02-12,10.9,11.13,10.59,10.85,10.749,10200.0,0.0,1.0
2019-02-13,11.0,11.0,10.6,10.78,10.6796,3300.0,0.0,1.0
2019-02-14,10.63,10.9,10.51,10.61,10.5112,21000.0,0.0,1.0
2019-02-15,10.7,10.94,10.67,10.68,10.5806,14300.0,0.0,1.0
2019-02-19,10.7,10.78,10.56,10.76,10.6598,8200.0,0.0,1.0
2019-02-20,10.89,11.04,10.54,10.61,10.5112,18200.0,0.0,1.0
2019-02-21,10.65,10.74,10.41,10.59,10.4914,10900.0,0.0,1.0
2019-02-22,10.43,10.76,10.3,10.54,10.4419,20500.0,0.0,1.0
2019-02-25,10.43,10.61,10.4,10.4,10.3032,11100.0,0.0,1.0
2019-02-26,10.7,10.7,10.3,10.31,10.214,9600.0,0.0,1.0
2019-02-27,10.39,10.39,10.3,10.38,10.2834,23200.0,0.0,1.0
2019-02-28,10.38,10.54,10.3,10.46,10.3626,13900.0,0.0,1.0
2019-03-01,10.6,10.69,10.32,10.46,10.3626,27500.0,0.0,1.0
2019-03-04,10.5,10.75,10.33,10.43,10.3329,12200.0,0.0,1.0
2019-03-05,10.31,10.35,10.3,10.35,10.2537,2200.0,0.0,1.0
2019-03-06,10.35,10.66,10.3,10.3,10.2041,20700.0,0.0,1.0
2019-03-07,10.03,10.36,9.26,9.8,9.7088,9500.0,0.0,1.0
2019-03-08,9.8,10.1,9.61,9.62,9.5304,48400.0,0.0,1.0
2019-03-11,9.61,9.82,9.0,9.09,9.0054,30600.0,0.0,1.0
2019-03-12,9.2,10.52,9.03,9.06,8.9757,19800.0,0.0,1.0
2019-03-13,9.55,9.57,9.04,9.28,9.1936,20900.0,0.0,1.0
2019-03-14,9.28,9.86,9.2,9.3,9.2134,51200.0,0.0,1.0
2019-03-15,9.35,9.74,9.13,9.4,9.3125,135800.0,0.0,1.0
2019-03-18,9.34,9.48,9.34,9.43,9.3422,74300.0,0.0,1.0
2019-03-19,9.45,9.45,9.35,9.36,9.2729,127600.0,0.0,1.0
2019-03-20,9.36,9.51,9.35,9.4,9.3125,70300.0,0.0,1.0
2019-03-21,9.45,9.79,9.39,9.41,9.3224,93400.0,0.0,1.0
2019-03-22,9.42,9.51,9.41,9.45,9.362,73000.0,0.0,1.0
2019-03-25,9.45,9.5,9.43,9.45,9.362,11300.0,0.0,1.0
2019-03-26,9.56,9.56,9.45,9.45,9.362,7600.0,0.0,1.0
2019-03-27,9.44,9.48,9.44,9.48,9.3917,25300.0,0.0,1.0
2019-03-28,9.48,9.48,9.39,9.44,9.3521,2900.0,0.0,1.0
2019-03-29,9.45,9.5,9.45,9.45,9.362,34900.0,0.0,1.0
2019-04-01,9.45,9.45,8.9,9.19,9.1044,16100.0,0.0,1.0
2019-04-02,9.15,9.45,9.15,9.45,9.362,31800.0,0.0,1.0
2019-04-03,9.34,9.4,9.25,9.33,9.2431,14700.0,0.0,1.0
2019-04-04,9.36,9.46,9.34,9.36,9.2729,50100.0,0.0,1.0
2019-04-05,9.36,9.44,9.34,9.35,9.263,22300.0,0.0,1.0
2019-04-08,9.37,9.45,9.18,9.31,9.2233,84600.0,0.0,1.0
2019-04-09,9.31,9.35,9.17,9.18,9.0945,22400.0,0.0,1.0
2019-04-10,9.19,9.44,9.18,9.37,9.2828,139500.0,0.0,1.0
2019-04-11,9.35,9.41,9.21,9.28,9.1936,13600.0,0.0,1.0
2019-04-12,9.29,9.58,9.29,9.43,9.3422,35600.0,0.0,1.0
2019-04-15,9.48,9.48,9.32,9.32,9.2332,17600.0,0.0,1.0
2019-04-16,9.32,9.4,9.25,9.3,9.2134,11500.0,0.0,1.0
2019-04-17,9.3,9.56,9.3,9.37,9.2828,43600.0,0.0,1.0
2019-04-18,9.34,9.5,9.34,9.49,9.4017,62800.0,0.0,1.0
2019-04-22,9.5,9.51,9.36,9.46,9.3719,29100.0,0.0,1.0
2019-04-23,9.41,9.58,9.41,9.52,9.4314,92000.0,0.0,1.0
2019-04-24,9.5,9.58,9.48,9.55,9.4611,22700.0,0.0,1.0
2019-04-25,9.54,9.55,9.5,9.5,9.4116,25100.0,0.0,1.0
2019-04-26,9.51,9.53,9.44,9.45,9.362,41400.0,0.0,1.0
2019-04-29,9.4,9.55,9.3,9.5,9.4116,45500.0,0.0,1.0
2019-04-30,9.48,9.5,9.43,9.46,9.4145,17600.0,0.043,1.0
2019-05-01,9.4,9.51,9.32,9.4,9.3548,14900.0,0.0,1.0
2019-05-02,9.38,9.44,9.3,9.35,9.3051,28500.0,0.0,1.0
2019-05-03,9.3,9.49,9.3,9.48,9.4345,18300.0,0.0,1.0
2019-05-06,9.33,9.43,9.18,9.18,9.1359,49400.0,0.0,1.0
2019-05-07,9.18,9.64,9.18,9.27,9.2255,32800.0,0.0,1.0
2019-05-08,9.35,9.35,9.18,9.18,9.1359,12800.0,0.0,1.0
2019-05-09,9.48,9.56,9.2,9.56,9.5141,45100.0,0.0,1.0
2019-05-10,9.51,9.52,9.51,9.52,9.4743,4900.0,0.0,1.0
2019-05-13,9.45,9.48,9.37,9.46,9.4145,11000.0,0.0,1.0
2019-05-14,9.49,9.52,9.46,9.51,9.4643,46100.0,0.0,1.0
2019-05-15,9.42,9.66,9.42,9.54,9.4942,36900.0,0.0,1.0
2019-05-16,9.55,9.64,9.53,9.57,9.524,126000.0,0.0,1.0
2019-05-17,9.59,9.7,9.51,9.51,9.4643,48800.0,0.0,1.0
2019-05-20,9.42,9.42,9.19,9.23,9.1857,29900.0,0.0,1.0
2019-05-21,9.2,9.38,9.19,9.21,9.1658,45800.0,0.0,1.0
2019-05-22,9.2,9.26,8.9,8.96,8.917,67000.0,0.0,1.0
2019-05-23,8.91,9.2,8.4,8.45,8.4094,32900.0,0.0,1.0
2019-05-24,8.5,9.58,8.45,8.49,8.4492,44600.0,0.0,1.0
2019-05-28,8.88,8.88,7.69,8.32,8.28,46000.0,0.0,1.0
2019-05-29,8.28,8.28,8.08,8.08,8.0412,63100.0,0.0,1.0
2019-05-30,8.09,8.09,7.71,7.99,7.9516,23500.0,0.0,1.0
2019-05-31,7.93,8.42,7.71,7.8,7.7625,32700.0,0.0,1.0
2019-06-03,8.0,8.09,7.8,7.99,7.9516,22800.0,0.0,1.0
2019-06-04,8.0,8.67,8.0,8.14,8.1009,16900.0,0.0,1.0
2019-06-05,8.17,8.77,8.17,8.68,8.6383,28000.0,0.0,1.0
2019-06-06,8.59,9.09,8.36,8.45,8.4094,54100.0,0.0,1.0
2019-06-07,8.76,9.18,8.52,8.59,8.5487,13500.0,0.0,1.0
2019-06-10,9.08,9.08,8.63,8.74,8.698,8000.0,0.0,1.0
2019-06-11,8.92,9.21,8.76,9.14,9.0961,29800.0,0.0,1.0
2019-06-12,9.05,9.13,8.54,8.97,8.9269,40300.0,0.0,1.0
2019-06-13,9.08,9.46,9.0,9.44,9.3946,8600.0,0.0,1.0
2019-06-14,9.42,9.42,9.07,9.21,9.1658,11100.0,0.0,1.0
2019-06-17,9.17,9.19,8.67,8.74,8.698,16300.0,0.0,1.0
2019-06-18,9.1,9.45,8.71,9.2,9.1558,23000.0,0.0,1.0
2019-06-19,9.05,9.28,9.0,9.26,9.2155,12600.0,0.0,1.0
2019-06-20,9.37,9.43,9.0,9.38,9.3349,19600.0,0.0,1.0
2019-06-21,9.28,9.39,9.13,9.18,9.1359,41200.0,0.0,1.0
2019-06-24,9.18,9.3,8.78,8.97,8.9269,7500.0,0.0,1.0
2019-06-25,9.34,9.34,8.86,9.15,9.106,15800.0,0.0,1.0
2019-06-26,9.09,9.52,9.01,9.24,9.1956,25700.0,0.0,1.0
2019-06-27,9.04,9.4,9.04,9.21,9.1658,29400.0,0.0,1.0
2019-06-28,9.14,9.47,8.95,9.46,9.4145,82000.0,0.0,1.0
2019-07-01,9.44,9.6,9.33,9.49,9.4444,44600.0,0.0,1.0
2019-07-02,9.32,10.2,9.31,10.1,10.0515,25400.0,0.0,1.0
2019-07-03,9.6,10.05,9.6,10.0,9.952,3300.0,0.0,1.0
2019-07-05,9.97,9.97,9.28,9.76,9.7131,16800.0,0.0,1.0
2019-07-08,9.66,9.9,9.66,9.85,9.8027,13600.0,0.0,1.0
2019-07-09,9.93,9.95,9.85,9.95,9.9022,17000.0,0.0,1.0
2019-07-10,10.0,10.05,9.98,10.0,9.952,7800.0,0.0,1.0
2019-07-11,9.87,10.03,9.85,10.03,9.9818,4200.0,0.0,1.0
2019-07-12,9.95,10.05,9.82,9.93,9.8823,10600.0,0.0,1.0
2019-07-15,9.91,10.03,9.91,10.03,9.9818,14700.0,0.0,1.0
2019-07-16,10.0,10.07,9.91,9.91,9.8624,11100.0,0.0,1.0
2019-07-17,10.02,10.02,9.91,9.97,9.9221,3700.0,0.0,1.0
2019-07-18,9.97,10.02,9.65,9.71,9.6633,15500.0,0.0,1.0
2019-07-19,9.63,9.65,9.26,9.52,9.4743,15900.0,0.0,1.0
2019-07-22,9.51,9.52,9.14,9.5,9.4544,13300.0,0.0,1.0
2019-07-23,9.43,9.43,9.11,9.28,9.2354,50000.0,0.0,1.0
2019-07-24,9.19,9.31,8.84,9.02,8.9767,22900.0,0.0,1.0
2019-07-25,9.1,9.1,8.75,8.8,8.7577,27800.0,0.0,1.0
2019-07-26,9.1,9.26,8.69,8.7,8.6582,13800.0,0.0,1.0
2019-07-29,8.5,9.13,8.5,8.85,8.8075,9100.0,0.0,1.0
2019-07-30,9.1,9.26,8.95,8.95,8.907,24000.0,0.0,1.0
2019-07-31,9.17,9.25,8.83,8.83,8.83,26200.0,0.043,1.0
2019-08-01,8.92,8.92,8.7,8.71,8.71,15100.0,0.0,1.0
2019-08-02,8.66,8.66,7.55,7.71,7.71,25600.0,0.0,1.0
2019-08-05,7.7,7.79,7.15,7.24,7.24,15700.0,0.0,1.0
2019-08-06,7.39,7.89,7.39,7.52,7.52,13300.0,0.0,1.0
2019-08-07,7.63,7.77,7.44,7.74,7.74,17900.0,0.0,1.0
2019-08-08,8.67,8.67,7.45,7.88,7.88,41000.0,0.0,1.0
2019-08-09,8.11,8.11,7.92,8.0,8.0,5066.0,0.0,1.0
